3790
4584
2851
8353
2362
7676
4690
4849
1801
9736
5643
3938
7338
3106
1733
1130
2209
1525
3979
2957
1618
1527
4263
1572
1494
1199
5304
2199
2474
1946
3381
8262
5380
2791
1679
1166
1854
1865
1454
1313
2970
9468
3328
4402
2574
1600
6656
2476
5112
3744
4412
1321
1805
2897
2462
6224
943
4301
1410
8137
5588
1895
3279
6208
7762
7800
145
175
5764
2614
1459
3206
1601
134
1172
3127
1270
2941
3934
1756
1422
2580
6180
1690
3220
7439
4402
1483
1904
185
1197
1610
4443
2520
1303
3770
112
4843
453
2630
4429
4148
3946
1720
1986
2684
9956
3970
2969
2125
5567
1549
2477
122
1330
1107
1506
4947
1157
2194
4515
336
9335
177
1814
4852
2604
1476
8776
3658
1144
2850
1328
16
2498
1903
286
4789
1670
2288
5492
2527
6943
4648
2972
2711
6517
1968
3568
1463
1854
1145
591
131
1146
1926
4970
6905
3634
2772
3924
3530
8958
6238
1863
1724
2748
1105
1415
3520
1744
3678
1974
1905
1267
1145
4319
3934
1675
513
2648
242
8289
1621
2662
1365
2987
669
1710
7534
5816
1166
1679
1921
1710
2969
6344
1192
1223
14
4667
5485
1706
2218
292
5214
2966
6361
4368
9180
8366
3784
6734
1191
8528
1654
946
1985
4545
2942
865
2770
234
8321
9521
1680
4265
1477
1277
1724
4120
1122
9224
2134
1924
1935
3950
4894
3521
2547
4338
6711
4477
8198
2856
1901
7413
5569
1104
7581
1558
8878
3671
1483
1697
3437
2646
6126
1122
4704
1739
1438
5688
2571
2883
1542
4960
1938
1134
4153
5740
2866
1665
1617
6580
2878
4578
1523
2229
1913
5599
162
6827
6778
1900
1295
1199
5750
1980
2577
7539
7424
3977
1255
9171
3249
2772
2200
1770
7403
7557
341
1700
2364
163
1960
2330
2694
7215
425
1302
8119
2670
4561
1862
2703
6885
1565
3325
4712
3816
3662
2932
2138
8750
2320
2784
1466
2595
1647
2359
6111
3238
1425
5719
1239
2730
1291
1906
3527
7828
1877
679
1318
5104
5773
5750
5451
7676
4632
4655
4849
1989
5371
8118
2375
3473
2448
6957
1431
2578
2225
6719
2469
137
141
359
4620
4907
273
1958
3696
1130
1472
8675
2888
7865
3421
2163
2648
2787
8713
1313
6321
2659
4379
1359
2752
2505
1651
4353
9953
2106
6986
1217
4386
2325
2602
4123
2276
7951
3164
1675
5350
3953
2181
1817
4684
4711
1758
2607
9820
5439
9464
7116
2113
2251
1135
9265
5724
2518
3573
1940
1410
562
2755
4898
4356
7965
1878
8603
4199
2752
4126
2261
2774
2203
1651
3507
7891
1627
2964
2576
2963
258
2775
1316
3737
1668
5288
1730
3207
385
6713
3435
2583
2937
3639
6557
6419
2375
1780
1739
3809
2538
439
3875
1677
1334
7686
1669
8472
3729
1324
7423
3912
3328
7708
2493
3542
5877
6158
255
1926
8408
3376
1265
373
5287
3625
4730
2430
5416
7652
2394
5664
1845
1722
3381
9380
3970
177
8219
9354
1470
3331
3238
3337
4358
4350
5440
832
679
2773
3537
2287
441
3130
5889
5552
2774
1115
1331
5691
3456
225
870
1257
1494
5545
5773
2942
3307
3691
3199
7386
3427
188
367
9639
5680
1158
6986
3468
2905
1479
1976
1856
1365
1550
4218
3671
1213
4880
8889
3141
6626
2488
5654
3396
2526
3130
2101
1406
1657
4751
3657
340
3850
9663
9870
3926
1228
2701
2896
4920
5785
1461
1896
278
5987
5487
5924
337
3725
190
3707
3629
2809
2432
5691
5621
5149
6926
6159
2726
2261
7513
4997
4712
1334
1226
8754
1420
1488
3867
1913
2678
3493
4832
214
5547
1599
5719
6918
223
4609
7751
150
3790
192
3376
4583
477
4536
4327
2325
5285
1128
6521
2804
1806
1156
3587
1651
254
2852
3896
392
1232
217
5826
1616
1844
2377
2731
178
1259
8487
4364
5619
5147
2610
838
7875
1546
5722
4195
2847
1917
4970
1405
2642
4605
1794
9793
239
4931
2218
1541
1968
1694
4717
2676
7506
6833
6737
8786
116
2461
6879
4832
2982
4786
7602
4830
1252
1324
7972
4268
1409
1244
5640
1417
1337
7315
4877
2764
6285
3260
1230
5689
3500
1989
5731
1490
5461
5350
256
5606
4260
1967
3543
2456
1470
575
5627
4326
2385
5753
3743
1960
1516
3377
5654
1149
3697
6127
2492
1945
4893
1752
5103
6819
3671
2783
1337
8451
5969
2368
4494
3576
1749
161
7329
5869
1920
2859
5134
6652
3686
3803
1841
1386
1189
4800
1874
2341
1986
4890
3587
1293
8416
1106
1512
1135
2777
1701
1931
6380
6727
6280
2183
1617
3772
2787
4304
179
2688
6354
1954
124
3535
2720
6392
2614
6640
3923
5818
1923
6890
410
8796
1173
6673
5517
5211
2431
6765
1444
6890
6669
6734
2674
6578
6635
6452
8132
7378
2107
2557
1387
635
1440
1313
1632
1661
1876
9348
354
66
3572
6305
2881
1544
1799
7326
8884
1728
1103
6963
2908
1765
688
2527
1451
1916
6909
8388
1297
427
622
3938
3608
5563
5482
2494
9632
191
1234
4512
4490
8158
2432
4458
7282
1668
4599
4590
1705
4406
9920
196
144
3382
1204
3361
7659
7651
1206
1105
7745
7390
8937
4635
3286
7483
282
2805
6653
7386
2763
7550
1854
738
5924
7298
3244
1343
7925
1433
223
1215
1640
7902
1377
584
4147
6145
2703
1900
4702
8291
1347
369
9311
6985
8690
3470
2344
1778
1502
2279
1216
2960
7377
7155
5616
1747
6128
5305
1870
4713
1181
4513
1842
2217
8436
1206
8350
5325
695
9469
2675
2971
7968
9861
1331
130
6959
212
3608
3793
9915
1871
3307
528
1849
1751
4703
3722
2441
9883
9928
4898
1843
1416
2206
966
2790