1372
1275
1213
6463
8639
599
5976
1705
185
1687
8548
1300
153
5945
2294
1914
1149
6727
6245
2649
2660
8524
1827
2828
8527
8725
280
1934
7205
1334
1212
1144
8148
8635
2918
2271
2872
2901
8231
8324
2523
7411
1367
2453
8867
2781
2169
3796
1892
7996
1657
2887
8785
214
1736
2492
239
1903
1227
298
1405
1372
7120
1872
1992
2847
1121
2655
7699
7816
2996
860
2248
4809
8456
2164
2370
1355
4766
251
8480
811
1800
6647
6214
86
1818
5142
8463
1215
2355
8543
236
215
1543
291
8446
1838
2931
190
2351
217
2715
3102
8618
8547
1951
234
1542
2923
8335
1182
2334
2247
5822
3684
1943
3662
8292
1986
2544
2440
3522
3742
5769
2190
2953
2339
2552
8296
8535
2535
2289
1713
6889
1197
7173
2323
2735
1612
4331
1295
8180
1122
8690
8951
166
2379
8145
1650
2490
1317
1537
140
8255
156
1496
2814
1446
1992
2132
293
5281
6600
8810
1609
1668
1134
1927
2929
1514
7705
2885
5528
1965
2151
2571
2445
2649
6492
1337
8446
149
8481
8994
2917
8765
2158
1158
1843
8483
8657
1721
1597
8641
8818
8286
2333
1520
1112
8416
2109
1199
3591
2534
2367
1412
8713
592
217
1204
5326
8269
1915
3553
2559
2237
8781
639
6875
1724
2823
7179
2342
173
6101
1546
8751
8591
7124
1158
7233
135
7670
1220
1995
2673
1372
2108
6279
1276
2594
6337
8989
8194
8325
6321
1161
2687
2332
8554
1937
1680
2888
8307
5181
1370
1793
8357
3757
8841
1813
1400
2692
2254
1848
1715
1211
8412
1487
2222
2393
1283
1189
2536
1983
820
2382
2140
6833
1715
2927
3250
8453
8587
2462
1744
2438
260
8377
161
7313
3547
8815
1589
8314
3926
8969
2329
2485
395
1303
255
8889
2676
6992
1975
2695
174
8196
8516
6583
3895
8690
217
3375
2958
1960
8346
6108
228
2283
2722
2605
179
8490
1217
8814
1746
2399
890
163
6172
5486
6102
5244
6541
2849
6597
8916
3545
2854
2132
1405
1187
8774
2392
2315
8123
6358
3731
2672
7267
1865
2926
5694
1327
2277
523
2117
8543
8935
857
2329
1405
1481
2180
1427
8967
14
153
8820
1291
2694
8521
11000
2333
2919
175
891
1704
7508
2959
1149
2620
1613
8894
8472
8662
1623
2699
2498
2959
2693
2110
1896
225
2704
8872
7579
6547
8377
1472
1604
2276
1373
8206
2362
736
2494
81
1142
226
2713
2837
1639
1381
1993
2746
1397
1441
180
1978
1398
5570
8206
1430
2963
1237
114
1330
2519
853
1673
1106
2892
8446
4355
2206
1439
6654
564
218
8648
4996
1821
1424
1674
2235
1252
2582
6388
1961
1763
1111
8942
5893
2210
4625
1270
244
1999
1451
2575
5920
6565
3567
8372
2590
2592
8869
3779
8484
1508
2599
2219
2608
2568
5525
1851
6480
2315
1421
8495
1661
1319
8167
6799
1527
1756
25
8482
8791
1483
1827
2509
1472
2453
8764
2335
1427
6345
5139
1881
2487
1145
1386
8448
2449
2646
3618
2763
2952
256
7395
1791
1372
295
2854
8716
1794
2326
1693
8783
4417
2560
2179
2101
4528
1302
6910
7551
8738
1962
2914
8163
1654
2632
7220
11000
8368
1843
2130
2814
8267
416
8721
2646
1295
889
1407
1828
1469
2952
1273
2727
1415
2101
5246
5603
1750
1276
1416
1751
2290
8412
7890
1601
8489
3984
1452
1730
151
8356
8864
8681
8733
1162
2278
237
194
1416
8271
2451
1975
6215
1505
8500
8839
1330
2911
8132
2548
5744
8730
8972
2300
2479
8377
143
1882
156
2982
187
2967
8633
1246
1583
8295
3509
1531
1489
838
8455
1182
1216
8884
2200
8205
4104
1470
2206
5743
8823
8532
149
1293
7892
156
1850
1554
293
2138
1345
1885
1859
2434
6117
6975
149
878
8101
1971
7886
1794
2646
585
1998
1273
1812
128
2843
6742
6290
2394
8678
1299
2537
2534
2428
2273
8662
8834
2338
1366
5143
240
6902
2388
2648
8241
1691
2878
2429
1706
771
8824
1825
2729
8348
7914
235
4748
2831
8252
8322
839
687
1698
1559
2842
2925
2289
1929
8650
3415
14
2813
2895
8279
7174
3909
1798
1969
8538
1355
2137
2306
2592
1497
1419
8740
8844
5394
180
5360
2653
8764
298
8885
2546
4720
3108
279
2909
6986
1131
2600
2581
5985
272
2768
2644
160
1967
1856
8186
2171
1449
1563
2898
1165
8880
826
1843
1681
1940
7583
8336
2115
2760
142
242
2346
839
8987
5975
1224
3870
7796
6219
3831
1438
8371
6307
4530
2200
1735
8345
2713
163
1843
2597
2338
8893
8638
1574
1201
8170
1438
8590
1575
2166
2130
851
2279
8939
296
8428
6965
6462
1754
4326
8659
3685
1711
227
7475
8327
8220
2720
2282
2299
1576
2762
1201
169
8801
2844
5523
7932
5705
8890
7605
8949
2178
1792
2594
4116
2236
2891
1835
6868
8911
8226
1665
8765
894
2484
6843
8504
8163
2458
2481
2873
5595
8186
8149
1737
7156
1825
1278
1398
1529
1973
2602
2725
6660
2314
7162
2552
8934
5322
1508
2189
2809
1667
1982
1418
2151
8248
883
1642
2392
2493
8779
1139
8821
1616
121
8204
7805
8827
1410
8453
1575
8121
2609
8897
2282
8423
6423
8795
6874
2494
1460
6136
8278
663
2510
3847
8820
1139
8606
8830
7333
6481
1138
198
1649
2942
1507
1429
162
1107
4248
2239
1107
4724
2189
1387
1994
2731
188
1890
1903
8927
2676
2694
8469
1187
1274
2320
1752
7467
2251
1563
8848
526
2265
1802
8126
6325
8365
1896
1831
2101
8437
2883
270
1980
2937
1650
2371
7527
7301
2748
2615
8528
8672
1305
169
6899
586
2198
7848
1560
8455
2132
875
8958
2399
2135
2298
6805
2572
1247
8176
8920
3303
2384
1112
8755
6846
2215
2399
5722
7445
1856
259
8406
1333
8858
1925
2278
1991
8859
8519
6981
1892
2976
2239
5905
8691
8907
1683
6153
2648
2885
2451
6304
8188
1874
8920
8821
8504
3346
217
8225
1835
1144
5109
2232
1590
8494
2648
1952
8149
226
3127
1418
2826
2703
2320
1214
7861
2503
186
8800
133
1846
8890
8107
5743
453
8514
5263
1385
6294
1660
1184
7523
1812
835
2251
2773
1269
6409
8470
8297
8589
2684
1646
6846
5282
2607
8238
1627
1210
6989
2113
1347
8944
2612
8795
2383
537
2601
1155
1896
294
1532
1795
2392
3636
5602
1466
1214
7322
8492
2442
8786
8297
8424
2953
1325
1524
1568
5469
874
2556
7841
2640
1109
2218
8766
2515
192
2989
2281
2571
81
8247
2871
78
8989
2523
2892
1457
5950
1780
8897
2421
130
5904
1178
2752
8318
4719
8895
8850
2366
2899
5123
3460
1203
8547
1309
120
8965
2985
1786
1432
2500
5498
1625
5978
8444
6665
1907
1196
1954
1240
8417
1885
1513
8467
5187
2553
2993
6345
2434
1693
168
8582
2816
2120
1565
2943
2961
8872
8400
817
1455
181
4234
4976
5815
820
2515
2387
857
8566
2471
8248
2630
1695
276
1370
1563
1284
2162
6289
8401
1827
2129
8386
3554
6498
8492
2946
8115
1920
8356
8986
8576
8972
2391
8547
7759
7383
1278
8415
1683
1809
8999
2966
2106
1243
8556
2515
1243
8895
2392
1214
1727
8743
1735
881
8140
1435
1284
1314
1504
2754
6559
3634
2331
8159
8499
2955
7754
1996
286
5136
2655
1323
2654
1233
2262
1224
2989
1543
2135
7137
1765
246
5121
1950
1833
259
249
8758
2580
4510
3289
1428
5827
1900
3511
2692
156
2295
8141
2220
8431
8555
2249
8714
3796
1753
6847
1660
2590
1629
1451
1975
8804
1103
1364
2435
2680
255
1993
5449
5376
5601
7113
5633
1742
5705
2458
4743
1799
2168
8804
8949
8685
4856
2302
2589
1651
2441
2143
1399
1737
5504
2105
1376
2279
2104
8121
8824
4549
2213
8400
598
8662
1422
7577
1611
3247
1708
8240
4542
4695
2177
5969
881
8203
2286
8237
5282
3615
5953
1960
2868
2379
8501
1208
856
2526
8996
2714
1303
2458
8424
2227
1997
1311
1897
1189
1983
2848
1966
6537
8211
219
2498
2323
1353
845
2235
2786
6140
7550
2697
8211
8997
1528
1443
8465
1996
2961
1302
2727
2875
2904
4615
1747
1117
8317
2819
5611
1690
1635
1238
5121
2468
6201
2657
5886
6977
1912
2302
8637
2964
1123
564
8968
1850
5728
297
7899
2900
8275
2976
2618
1777
2416
2439
2627
5921
164
1833
1644
1833
1263
5580
8520
1467
2182
2818
174
8831
8430
1180
2236
180
2808
5682
2599
1249
2392
1607
834
2341
359
2636
8437
1102
2201
1191
2742
1382
8202
1462
1901
2649
1774
7558
823
5871
2653
2813
2674
2680
6644
2429
7364
1351
8569
462
280
1798
8713
4151
2762
8269
255
1374
5627
1611
1478
2208
2759
1653
8403
1582
2296
1212
2131
2816
8971
8406
2423
1385
133
585
6603
878
7211
8418
2758
5582
1241
6841
1731
2229
1670
5212
8568
163
2814
179
8453
5282
1385
7535
1320
8520
2611
1295
1724
2725
2270
7782
2390
8860
2385
7296
1213
1874
397
8852
2974
2437
1847
2982
2406
218
1862
8227
8139
1598
2835
2851
554
1696
2138
2913
8893
286
1313
1940
7577
1619
1227
2678
1376
2167
1247
8145
1930
1169
196
5381
7176
8207
2344
698
5929
1444
6598
1449
2399
8610
1656
6379
8489
2194
2864
5778
2873
8738
1350
1774
8244
1313
1857
2326
2848
2412
8732
210
2582
5450
5997
1689
1100
1529
2631
6663
2121
8875
5134
3193
1777
2275
2751
6530
481
2712
265
2272
1571
8324
2264
225
1116
1759
7647
8754
1579
8337
1208
1283
6360
256
2770
5796
1334
2120
6318
1390
6683
432
7536
5450
8893
1924
2225
8515
161
1693
1462
129
8493
4763
184
8499
1708
2874
2530
8531
8961
260
3293
6453
7678
2401
8255
1296
6742
1687
1681
7292
8695
8616
8570
2570
630
4996
8448
1429
8189
1596
1119
1974
1379
21
8148
8924
8654
8232
6207
8441
6867
8308
1267
1765
5787
2408
8679
1100
2920
5900
8724
685
2829
8977
8978
7481
2167
2121
2558
2332
7159
1949
8427
8491
8691
2559
8561
134
1251
2722
2592
8682
4831
2813
1785
7711
8883
5715
2219
1270
2504
1137
8324
8516
2867
260
825
3548
2575
8611
1765
1568
2268
2237
634
1836
2551
887
8200
2462
4343
5299
8366
1821
8872
1530
8955
8735
781
2421
1608
1732
3134
8413
2853
8776
4265
2555
6959
8492
826
2740
1608
8216
8519
1572
8533
1951
1607
8971
888
8690
8313
2793
2306
8930
1900
3162
8218
8744
3811
8267
4756
1320
1170
5808
7842
2948
1407
7390
837
7934
8635
2366
1625
8582
7658
2839
1488
2466
812
8202
7834
8348
7846
1129
8206
8499
2770
2573
2980
8246
2953
1369
2992
8335
2287
2645
2720
3558
3189
1367
1233
1477
1916
7555
8407
2890
8847
1138
295
6718
2339
2457
2112
219
8786
4186
8208
1590
4295
5788
1588
2505
8353
8870
6775
3484
8922
1585
8791
2803
2943
6244
2862
8396
6400
2246
1183
8113
2584
1384
2198
2163
8769
2179
8493
2401
8552
1452
2106
8747
1688
5807
5619
8538
2469
2246
1841
2895
189
2936
4894
2589
2917
1402
858
7111
2331
885
1120
3951
8878
2776
2979
2775
2808
1206
1296
2267
8484
5465
8203
2963
8427
2457
8697
3406
2625
8224
1986
5217
1327
2406
834
2359
341
2166
5992
215
4217
6761
2546
5282
5303
2588
8423
1779
2627
6391
2433
2380
8762
8456
5508
1492
6363
2524
5554
2811
826
1656
5185
2102
5906
8242
1505
2171
2886
8716
2980
1182
2787
1344
2145
8418
8474
3669
2805
510
8695
2610
2109
2236
257
2626
2950
5740
8314
2159
2342
252
2524
8688
2131
2648
1518
2984
2859
2280
5823
8100
1504
8692
8844
3866
8402
2831
8246
269
2190
1250
2922
5189
8624
2290
8315
2948
2771
141
2808
8825
4725
1122
2192
1173
4794
1689
5645
8231
8647
8311
6227
7857
2417
8898
2967
2729
895
3569
2369
7733
2411
2126
8939
1580
6932
8876
8691
2117
2504
261
2374
2566
235
2929
2795
2793
8443
2650
2280
2109
2561
1602
1675
239
2762
7643
2430
8921
1601
2645
8156
8523
8948
2768
2930
2540
7623
8933
2214
2261
1348
7336
242
8999
8118
2187
874
2458
1612
8230
2639
1701
2910
5794
2213
8654
2490
5328
1715
1630
1717
2513
8499
2628
2660
2577
1255
6553
8389
2462
2816
8722
5676
2577
229
5149
2828
7834
2511
2989
1319
3979
2881
8813
8710
2987
8275
2403
8766
223
2273
115
2373
1559
4480
2371
1149
8497
2407
2753
6657
8322
8112
2531
7329
1718
2553
8780
2629
1663
2367
2618
2563
6650
2974
1166
3704
8577
1484
1175
162
8304
2788
2958
8339
2737
2616
2358
878
7607
8795
2522
2657
2140
3981
198
1143
8386
1832
8686
8323
3440
8795
1833
2554
8484
8729
2589
115
2212
8255
8112
1219
4321
1626
8587
8546
8467
2235
2333
5484
6148
2751
2411
2470
8378
1616
2178
1677
2403
8155
8934
1358
8839
287
8351
8448
2272
8668
2733
217
2576
1193
8748
2238
8690
150
2891
2380
2170
1338
8147
6663
6989
2985
231
8902
2268
2387
2291
1361
4292
7504
240
8162
8485
2722
8435
6568
2325
1107
2855
1732
2813
2217
1762
239
2717
1222
827
1526
1127
1353
1975
5737
5711
8942
2260
2451
2949
8116
568
2284
2344
2828
1810
1486
8596
2556
2585
2950
2232
2273
836
2530
1693
2829
2737
4606
2314
1792
2931
2523
8741
4649
1897
4517
8388
5932
2172
4255
2496
8390
5634
2383
8360
241
6389
2263
6229
1529
2797
7904
1312
8338
2542
8600
2107
3493
2725
2930
8505
2505
8563
8834
1177
6521
8531
1571
863
2829
8828
5785
2233
7737
278
5383
3330
3462
162
3599
2824
3406
8306
8912
6933
1855
2713
114
6684
8475
1364
2537
8463
7921
269
8406
1741
8586
1151
244
2446
8612
2116
8218
5829
8126
2384
7201
2211
2337
2326
8708
2276
2938
6514
2880
8763
8800
1132
2635
1658
8420
6588
8793
6631
6165
3261
2182
1258
6104
2108
2498
761
211
2925
6372
8808
2775
2136
2806
554
1576
211
2339
2810
2442
8753
5598
8319
8903
5632
8503
2243
2597
2408
5950
4977
2649
1790
2989
2325
2239
2553
2552
8785
8807
2995
1916
2777
2312
2298
8680
2544
8560
8848
2679
2836
5380
8418
2411
1286
1780
2111
2540
2422
626
85
2416
2736
220
3354
2264
2323
2565
8419
1358
8850
2856
231
5223
8793
1258
2292
5296
879
2773
2255
6998
177
4843
812
2544
2961
8244
2554
1581
2132
7208
8419
8852
8654
1719
29
2428
5521
1537
2444
765
2734
2207
1296
792
163
2973
2526
593
8327
1733
612
5508
7406
2936
6468
2752
286
2522
2161
2507
2260
6262
8197
2744
2255
1216
8127
8524
2239
8513
6561
5945
2684
1158
2735
8941
8938
2573
1811
2258
8454
2239
4670
2654
8272
2661
2164
2264
8167
291
1253
2464
3877
8360
1119
2330
2175
2374
185
2666
5292
2131
2165
2835
8630
8835
2231
2772
1399
2949
6728
8460
2838
8353
8871
5863
1634
4167
8946
4986
2784
2440
8750
6496
2401
6566
2509
276
2229
1336
1216
2287
7420
5921
2481
6632
11000
8342
8896
6650
2275
81
8656
2147
5322
114
3665
7238
1438
2799
1936
2281
2788
1911
1130
1350
2662
8506
2679
7290
8458
8922
6730
1773
8443
2625
6494
285
2161
2343
7442
8771
1966
235
8535
2845
2900
2354
2481
2688
5412
2584
2684
1657
2939
8396
4246
3831
8511
2284
8460
1417
1162
2587
2605
1182
11
2935
8737
1455
2103
2952
2980
2675
1403
2311
2703
5256
8559
2893
8733
8658
8238
2151
4729
1315
4567
2779
1393
2695
8136
2225
1378
238
8492
2271
2326
2376
8550
2767
28
2556
2405
8364
2628
2860
2636
1680
2926
2172
2423
2743
2457
3367
2760
2808
2501
2657
294
1989
1610
2200
8109
1834
862
8830
1358
1941
1511
8589
8482
2240
2402
1256
5430
2287
5830
2497
6747
8306
2680
1382
2154
83
2193
2491
2523
8576
2416
2900
8266
5648
7920
1176
2551
2155
1172
2274
3112
8446
2516
1981
8371
1877
2181
2401
2694
2592
8821
2662
8355
1754
2197
6515
2234
1603
282
8771
8696
1553
2283
2441
3939
8280
2112
2983
8659
8697
2641
2777
8496
87
8997
2525
2529
2509
8867
2810
230
8943
5666
823
2482
1468
8999
4394
8414
133
8123
5977
1881
2736
2507
2502
1690
1724
8463
2494
1247
1985
1784
5291
2619
2399
5541
2611
898
7963
8231
1672
8427
2522
2435
2508
7924
8778
139
8202
6273
793
2111
8424
2268
8958
2543
8713
1459
1666
2588
2574
4201
5710
1187
8676
1376
826
85
2782
1430
2577
2195
2962
2531
1513
1540
2595
2354
2853
2237
2834
8614
1490
881
2313
2161
8929
6388
2250
2207
2174
2453
4631
1664
1790
8898
2117
2306
2931
2881
1136
8257
5667
2241
2291
5135
2985
2344
5743
8106
1267
7239
2973
8742
1908
2404
2617
2211
8349
2729
2653
2164
2234
636
2538
8246
835
2284
2941
2756
2119
8856
1272
8952
8838
2884
5462
8714
2886
1663
2658
1464
2693
2360
6748
8873
8798
8664
2256
5783
2744
2254
2830
2611
5436
21
8158
1779
2376
2777
185
2608
2252
2878
6274
8684
2698
2401
6538
8905
1667
893
5156
2131
8698
5682
1808
2999
8462
8975
8881
1860
2247
341
4642
475
2518
2934
2710
222
1605
2585
3856
2653
280
3742
2526
6450
5943
2566
8290
8207
6474
8668
2754
1939
2232
2672
2220
8236
2444
8629
2173
6828
6112
2580
1109
2144
8531
2663
7390
2579
2829
2314
2957
2182
8576
1342
1860
2937
2730
5745
2981
2374
8564
2692
1152
1366
2909
1732
1619
2389
8720
1462
279
2722
8980
1506
276
121
8464
1286
7840
857
2265
3744
8741
8126
2965
2362
8824
1471
2415
2896
2662
1766
8344
8577
2268
3181
2371
8682
244
268
254
2327
3185
2807
5797
8265
1222
2631
152
259
2990
2997
8734
8651
1694
2656
1927
1576
2744
2325
1494
2546
2319
4301
5975
2597
8360
1163
2854
2360
2901
2582
2800
3387
3152
8650
8863
2936
8246
8874
1848
8692
1921
324
821
1204
7638
1610
2876
2605
3273
552
281
8743
1420
8661
254
893
226
8554
8763
1429
2235
2489
6354
6430
2472
1683
235
1658
8100
7205
2639
2394
2852
2151
8475
1241
2292
1383
2856
1792
2234
2309
5129
2334
1290
2688
6496
8616
299
5959
1598
110
2913
2807
457
8893
2218
1903
8880
2215
2282
11000
2144
821
7683
1545
220
2996
285
8114
5253
1732
2227
8713
3339
6653
1572
2181
6162
8879
1397
8486
7267
7910
2109
2876
515
8253
2947
2298
22
2743
2238
2840
2952
2961
8638
2468
1914
1524
2508
1917
1446
2565
2949
7583
2527
1357
1374
2406
6212
8183
1853
2524
2474
8870
8330
2691
2530
2239
8559
2630
2803
5812
6636
8787
1369
8968
2214
2377
8211
6715
2997
283
2178
8470
2189
4273
2741
1248
2153
2139
2965
853
8301
2763
2255
8997
2391
272
2666
2275
2571
8388
1297
7819
26
2898
5862
1376
2199
216
1918
8730
874
8790
2424
2319
8518
335
8971
1224
5433
2923
5248
6605
2492
3228
2269
8404
839
837
7589
1610
2284
2549
8375
1388
2606
1715
2649
2535
3624
1298
6398
2863
2946
8799
5582
2951
3176
8356
2343
1448
8920
2284
5219
7451
8645
674
2424
7612
1401
3581
2572
2223
2698
8646
1455
2298
8157
2980
2697
2889
8498
8817
1344
2189
2386
1318
6577
1821
2473
8918
7250
5856
2753
7196
2889
5310
2993
1932
8101
846
1951
8741
8188
2572
5359
1462
2257
2267
1219
8532
266
2245
3175
8881
1544
2557
2274
2846
2581
2926
1905
8116
819
2809
568
2933
8671
8920
2685
286
1624
8595
8614
8948
240
5688
2442
223
2173
4864
2507
5326
8559
1330
245
8485
8983
1523
2445
2753
2149
859
878
2111
2583
8562
2487
2372
2864
2970
5301
2489
8615
8848
5808
2514
2399
2955
2736
8379
8582
240
1902
5349
228
6570
7150
2449
2808
2278
8131
2363
1833
2612
8621
2258
1933
2957
8489
2611
5471
2416
2250
7178
2562
8469
2676
2931
168
8549
2569
2522
2427
5403
2129
760
5982
6444
1742
3429
2227
2384
521
7820
6975
2784
2753
4559
2966
762
2131
88
1778
7587
1112
1615
2874
2380
8245
2615
1657
2975
2308
285
5678
2886
271
1506
1851
1755
2875
1103
2463
1355
8815
8863
8852
2970
111
2523
2634
2951
2347
8752
832
8403
2495
2480
238
2791
8929
230
8958
2821
1967
2578
5159
3577
2523
2551
5448
2646
7778
2210
2875
7346
2161
2577
7998
18
5781
230
1908
2483
148
7869
3416
2419
5184
2613
8456
3857
8132
2876
1660
2552
3748
1475
2873
2426
1101
294
214
2950
1903
895
2144
8620
2631
1677
8817
270
2948
3892
1947
6296
3896
8876
2492
2153
2921
4280
6537
4862
6171
4420
8374
1210
7936
4287
5351
1653
2716
5795
2640
8364
8703
8535
8667
2706
2561
8854
28
1978
1689
6901
2928
1289
1903
8730
3770
8862
8521
8827
6665
2269
2136
6948
8217
8751
2383
1755
1893
1650
1150
2999
2516
3290
8714
7428
8861
5215
1982
2713
23
8559
2301
8783
149
7110
1845
2583
6578
1221
2273
8522
2873
8257
2351
2190
3512
8696
5553
2978
8184
6575
5738
876
6559
5330
2630
8293
2511
1238
1451
2796
2323
1857
2470
1650
1999
2833
1974
6297
7359
6188
8778
2694
8323
1835
2917
5581
8374
1594
2908
2474
2270
222
159
2511
2338
1893
7807
7363
2340
2824
1602
2687
2832
2856
6648
641
8244
1605
5284
1748
2276
213
8296
2526
1761
222
21000
2246
8210
2385
295
2395
365
3924
1870
8786
890
2952
5597
2205
315
2573
1381
2946
1483
2234
52
2651
7590
1641
2503
7700
2691
7467
8686
8862
2611
2269
7317
8505
2707
2351
8697
2868
2375
2206
874
2212
226
2774
1976
2143
8118
1549
122
2878
5636
6931
212
3869
6863
8838
2973
8371
2607
8394
8692
2861
8816
8613
2294
2257
2426
2768
5101
6405
1797
2367
2965
2559
2361
2171
2979
5111
5753
633
1758
2933
2802
1768
695
2775
3457
8800
2112
4169
2283
1147
8497
4828
8122
2223
1256
1281
7432
2424
8780
8111
7215
2348
8553
8311
8531
8381
1117
8156
2759
8772
2670
8779
2244
2122
2536
2661
2597
6681
2693
2432
8417
8920
280
8526
2692
847
7260
5958
5743
1338
1851
2197
2708
1378
1622
2350
299
8870
6562
2568
1747
5772
5957
1987
2649
8330
8440
2672
4686
4688
1991
2644
8543
1753
8182
2331
6422
2848
6224
2645
1984
1915
2141
2156
7328
1900
8345
2155
8421
2630
8694
2433
8916
6733
5517
8386
8547
266
2325
2349
2316
2939
287
786
2243
1981
2125
2863
2201
1913
2109
8504
2123
8162
8798
5452
6418
8801
2615
1549
2717
1857
2878
5868
8221
5644
688
8176
4128
2415
6908
2411
2172
8643
7293
1181
8313
8821
141
8396
166
8321
288
2994
2967
2854
1131
1886
4355
2839
1220
6390
2149
1274
5174
2349
2470
236
125
271
8816
2150
2363
2529
6636
8333
2781
5855
7637
2312
1542
2279
2356
8860
1899
8654
2427
5232
1200
216
2574
1368
2201
2983
8843
684
2959
884
8893
2393
7377
2356
2717
2968
8300
2791
6590
2845
8530
2588
2499
2117
2609
2488
2109
1988
8208
7237
8722
2619
2750
2470
297
8510
2562
8479
2494
8371
5668
8728
5873
2406
8968
2883
1916
2250
2319
2271
2906
1279
299
2154
845
8528
8887
1368
6354
6843
8315
2273
1859
2215
2937
8457
2411
2124
2199
8262
7588
1553
5970
2826
8484
6868
7790
299
2683
5360
4229
2955
2658
5162
6156
1821
278
4280
241
2929
2516
260
8936
1260
1927
174
7981
1545
5103
8799
7671
1616
2902
1480
2455
2646
2218
5815
1973
5533
2413
739
5572
2243
5301
1329
2148
1644
1344
8100
810
2928
2497
2956
1280
8121
2922
1358
1270
1548
2465
2822
2931
1338
840
5721
1222
1710
4727
2146
2664
2905
1800
8300
6931
8840
2109
8602
5209
2695
1538
7943
8988
7242
2325
2255
2165
2337
8745
8238
1972
2588
594
5807
1541
8280
1724
1126
898
2900
1307
2725
248
1106
2547
271
8531
8251
887
138
8644
8164
1451
7880
2676
2617
3842
2316
241
357
2793
2565
263
8494
8931
1631
8782
2375
1132
2433
8707
2495
3842
2263
828
8676
1301
5291
2522
8500
2885
2318
6160
6526
2339
2303
1980
612
2443
2728
2858
1371
8886
7648
6683
8566
2658
2875
2575
5856
2673
2744
8707
1831
8555
2640
8943
1508
2444
6747
2919
6515
8710
1822
344
4321
5516
2533
2305
2107
2230
2410
8351
8143
2235
7458
6209
1805
555
636
2362
136
5473
2244
5346
2834
2996
86
2105
2448
2696
7460
2511
8229
2896
3855
5498
3773
5150
2288
8421
4531
8410
2254
242
8470
2919
883
2191
2460
2234
2637
1702
1755
827
1224
1768
2121
4267
2952
270
2534
8254
2119
1591
2564
1722
2794
2495
8924
8119
8879
8124
2573
2936
2488
2378
1197
8962
2199
2858
8374
2235
2244
2210
2312
4827
8634
5832
2613
8295
6730
2210
2858
8775
291
2232
1729
5909
8406
2479
116
6748
2611
8952
2758
23
2525
1218
2708
2341
280
3846
1878
8463
7431
213
5375
7921
2450
2589
2315
8540
2406
3719
2837
2584
2484
861
8778
1372
2568
8923
8402
2231
2743
8584
2184
2570
2927
2868
255
8681
8876
1779
4941
1218
2425
8586
1538
8766
8714
8749
5304
2766
3491
2981
1173
2717
5857
6622
8115
2634
2256
2218
2516
526
2586
2286
2170
8554
1865
8710
2300
8517
5379
2764
2372
8839
6208
270
2213
2966
2805
270
2319
2604
8875
1687
8370
2505
8361
1327
7334
8797
297
2989
1258
2184
6892
5693
8272
8741
8783
281
192
2619
7216
195
2750
8691
8917
2603
6975
6133
1792
278
2738
2863
8938
2505
8523
8745
2895
2441
2274
1109
2542
2525
892
152
8902
8244
2247
3304
7861
113
1700
2206
8404
8873
2411
8793
7843
789
1159
2148
5504
8475
8872
2169
2673
8779
2960
2398
5976
1170
2751
8392
1914
2860
8602
2866
1436
8573
8584
8116
1227
2189
2787
1837
8131
1970
536
245
8489
8166
5615
8708
8830
1507
1775
8626
1780
1944
2950
2946
456
5881
2867
8438
1402
2781
2877
2885
2413
5600
8531
2140
2333
2417
8291
1726
2422
2680
2366
2935
2633
2268
257
6788
7690
1516
5422
7639
8236
8768
8621
7854
2112
2748
2687
8421
445
1255
679
2865
2259
2187
2132
1287
6292
821
3563
5893
1119
532
8820
2587
2507
8808
6154
2512
2571
8208
6483
2202
2421
7354
2224
2199
279
1456
5578
3526
7110
2454
8190
8705
2820
2419
2600
5289
5954
7578
2809
6152
2844
7449
2525
8902
2836
2545
7235
2150
1427
689
2239
8185
2307
2323
2841
1514
818
2860
8669
288
1810
5739
2796
8683
2191
8164
2258
1223
873
1247
2366
6995
2246
1263
57
1584
2692
5944
4843
2508
2585
286
1781
3648
1294
7653
2500
1312
2380
5509
249
8115
5302
113
2369
8102
8653
2633
2429
2758
6288
6298
1346
8495
250
8324
2751
253
8404
287
2698
1501
2535
5788
6169
1640
3627
236
8599
2165
6507
6385
8185
2328
2283
8606
2810
8887
8435
2128
270
1383
1848
8288
28
2789
8938
1275
2752
7815
2613
2985
1690
2712
6336
6406
654
1804
2258
8955
1174
8397
2796
2288
8937
8689
2823
8740
2482
3724
2975
8758
1318
6284
8537
2855
2354
8500
1127
7929
2520
797
2582
8482
2585
2602
2615
2930
1810
2201
2349
2201
8134
6732
2436
6759
6301
3855
8222
1569
716
8659
8632
2418
283
226
8620
2977
877
3684
2373
2789
1401
2439
2487
2415
6924
6338
2986
279
773
3932
8680
2302
2275
7167
8792
2548
2467
5263
6554
2482
2699
2437
5806
2778
2126
8310
2434
8272
7932
293
3445
8901
8638
2174
2229
111
2713
2395
121
5744
2791
1688
2617
2792
5280
589
8339
279
115
2471
212
2921
2882
8440
7914
1276
2295
1480
1266
2774
111
1556
1549
2227
762
2439
2567
1965
2593
2442
8961
1915
8253
2486
8669
8672
2449
1232
2137
7160
8946
7188
8156
8244
2892
1664
8200
2988
2308
2850
2423
2292
2269
2931
1972
3875
1835
2179
2449
3667
2954
1540
1626
1646
8317
6518
2114
1712
751
1288
8389
885
2856
2443
2470
1372
2936
2266
2106
5210
8678
816
1970
1800
2135
152
2567
2640
8864
1207
8237
24
8674
8931
8363
2132
24
2194
3355
2488
2349
8640
2978
2149
820
2212
866
853
8402
2110
6416
8441
2238
2683
8243
2628
6519
8423
868
2640
2655
8972
8700
813
2693
4931
2280
8484
2562
2791
2879
249
2569
2285
8646
2846
1396
2356
8255
8377
2125
8819
2310
7468
2895
1660
165
4688
2938
7923
223
8142
8113
8985
670
8219
4992
2533
8584
7127
2410
2532
2907
2514
217
4624
871
2603
8226
2102
2891
3870
847
2513
3226
2677
8259
2650
1261
3872
8202
3169
2165
8813
1357
295
2233
5912
8918
8272
8267
7741
2251
1859
3605
3942
2579
2275
7547
2594
2162
2107
3649
659
2434
2260
2413
3483
4700
5477
8822
8659
2734
2708
7363
8857
2991
1248
862
4904
1173
2244
8388
2603
2363
2936
3522
3807
5698
3522
1152
3801
7107
2962
3832
3398
4750
2371
8827
8394
5260
3577
5106
1883
6562
2700
5904
2971
8577
3678
5513
3888
2641
3238
2299
2573
6884
3628
2910
2707
8466
6143
1494
2687
2598
1522
2467
8961
2976
310
1810
5222
1334
1817
8741
5213
1494
7256
816
124
2303
2119
3526
2932
3957
238
7935
2275
2429
2778
2348
549
8472
3633
8338
2151
5702
1517
8257
1743
8267
2431
2577
1228
2211
2555
2901
1870
3966
2904
1344
1588
2207
2492
2988
3985
2198
3439
1647
2981
1390
8949
8880
774
3572
2833
131
1724
4280
8846
7700
2293
7534
1416
3237
2449
1795
8929
8945
3669
6446
8440
1474
3511
8189
2811
3991
1641
8678
2180
8860
8865
5316
2745
338
6751
3910
3871
2849
8495
2289
6528
3713
6240
8443
5496
7353
1990
2846
3573
6286
2513
2878
4904
1163
7739
3526
426
8482
5718
2789
6361
2311
6717
4249
327
2425
2241
5201
8788
259
2997
2887
8768
2592
4698
1638
8753
8525
2673
8275
8835
1847
2277
730
2511
225
1421
8705
2561
3932
2224
5243
8866
8726
3271
2167
1610
2990
8268
1658
2263
1491
8898
1313
1866
1566
1505
2358
3885
7333
8814
1492
2990
3773
1944
2104
2254
5725
7445
3221
8791
2289
1107
3658
285
8579
3707
7217
2264
8260
3318
5111
8301
8560
6875
2897
170
2407
2750
3560
1554
8244
3242
1495
1770
2690
212
2781
3620
3951
2805
8201
1261
1630
4155
5628
2827
2760
846
4528
5838
8528
8542
8135
2372
4140
1386
7303
2427
2484
8321
4900
1200
8254
1637
6703
1473
8443
8177
2887
1249
2860
3679
1543
2139
4767
4678
2184
2127
1629
2365
2889
7563
7819
2757
8433
2644
8789
4467
1300
4498
1378
5529
8160
2686
1466
8271
893
1520
2196
865
434
8772
2520
896
3659
1437
4465
4415
5382
2872
439
1577
8413
2723
2852
2836
1338
354
1957
237
8941
2977
8559
8660
641
1375
7870
2747
2710
2732
2231
4738
2181
2440
6773
2830
8805
8875
2554
566
6144
2208
2144
182
4738
2788
2622
8396
2541
2901
241
2255
1114
8804
8422
2608
4909
7739
1316
4501
8321
3641
2515
6236
21
1852
2534
2918
8532
1132
6303
1503
8242
7769
8944
1183
8913
5591
8814
7983
4956
1958
1132
4914
2484
2453
4490
1639
8371
2746
2437
7248
6327
6671
8377
2589
8626
8866
2902
5862
6345
227
5719
516
2123
4363
6366
6924
5403
8557
2815
8647
2669
1280
2730
8763
2872
8243
6418
2451
8725
223
5347
2104
8126
1617
4914
415
4872
1794
7506
8980
899
2370
1610
2428
2503
1166
8380
1558
5842
1119
8896
1556
2464
5526
1296
8683
1338
5960
2301
5905
8698
8781
842
5982
5115
1335
8203
2411
2937
2491
7819
5944
2811
2598
8649
7431
8749
6724
1331
838
887
2920
1763
2780
28
2248
5776
439
8105
3789
8967
2593
7605
8486
2730
8374
7274
6735
2463
8876
5751
5572
6670
5568
2330
8935
2915
5940
5585
7254
1321
8796
2856
1842
8949
2944
8621
6368
2315
2488
2936
2854
2458
8699
8121
2725
275
2511
8447
5901
8650
5127
8667
2368
8156
2762
6137
8854
8654
8380
2771
2708
2448
8648
2860
8595
643
3346
5462
5276
8931
899
1434
846
8173
5906
4209
827
1751
5959
5908
2794
5143
2303
5230
1502
8610
1801
2836
893
8900
4210
8567
1411
1962
370
2724
2865
2745
5189
562
5773
8739
8106
2399
258
8872
535
1282
2462
2905
1161
81000
1128
5986
8887
438
2514
5410
8463
2640
8431
2785
2129
2997
7798
5883
583
2788
1252
8220
872
2595
8867
8149
2672
5156
5779
8659
1974
5760
1962
2684
7910
2975
5331
8841
1876
5767
8815
137
7514
1765
8421
8759
2188
5942
8511
2541
1525
2360
1881
5274
2914
853
1424
2426
2382
2411
2898
225
7961
2230
1109
5479
2241
1919
5163
5161
7967
4627
5709
5661
2431
8817
564
6817
6406
2793
2556
2546
8259
6169
1653
2970
1512
2253
2935
1327
8173
6460
8766
1843
5704
2608
2535
8344
5789
1184
8474
2116
1676
8541
5389
1364
1863
4481
1303
2875
2973
2960
2511
810
5640
2380
1159
1573
2214
2247
7862
2195
6376
297
5896
2118
4801
5417
2352
1910
8537
6967
5341
2999
5852
6700
1539
2158
245
5340
8696
8640
2489
5488
2458
8508
2914
5254
1668
1356
83
1409
5752
5291
5705
2527
8871
1767
5149
7430
2594
8890
2711
220
5210
5115
4185
2687
2549
5295
5671
2485
7416
8230
7639
5181
6131
1737
1847
5490
8945
883
5664
2984
2276
8677
8599
127
8520
8875
2156
3283
257
8426
8536
5836
250
5569
6103
1451
3702
5493
2917
21000
531
2640
3657
5890
5254
5302
1809
8531
2610
1716
1175
1563
8846
7593
2566
8354
4914
5853
2106
1122
894
5134
248
2548
6973
8249
2413
2477
1167
413
8541
7318
5908
259
8607
8491
5233
7455
263
190
6773
8232
8370
5510
8326
7601
8597
2725
2581
2922
1480
8198
2806
8703
1830
5967
2213
5548
7837
5107
1567
2465
5677
5319
2747
563
2447
8890
3799
2984
7901
1684
6216
116
236
7759
2795
5802
7658
7710
5972
5739
279
2218
2671
2885
2250
1235
7805
5522
512
1868
5413
2402
2615
1966
8778
7115
218
5833
1848
2607
2873
8142
1821
7126
2695
8147
2238
2736
2720
2585
5506
2768
8392
1419
2715
5387
5499
2973
2898
246
5453
2593
2821
786
8916
8313
1277
8858
7153
8910
2237
3402
1384
2825
8721
2348
7556
2691
7449
1514
2962
8594
1639
8596
8652
2386
8729
8931
6181
2553
1500
2208
2203
8220
3832
3497
8279
1289
1807
2183
8430
8472
5958
6235
8632
1663
239
4205
2959
7183
581
2967
2314
8909
8419
2369
5813
8432
6323
2945
8303
5471
151
2566
1996
4666
5415
293
5383
510
5898
1450
216
2450
7131
5440
2655
4932
587
8876
8800
24
2263
2632
2248
5537
5737
2557
8686
8517
5681
1125
686
8666
890
659
5323
3729
5227
8610
2209
2518
1623
8682
2473
8460
2571
2467
7182
215
2168
3864
2891
4877
5716
7286
2529
8953
7548
1356
6807
1741
114
1158
2480
5883
561
1844
2479
8640
2466
7369
2600
7458
8743
725
2633
1974
8742
158
1195
1392
5200
1139
8810
2276
6391
6157
1926
2667
8156
14
8993
3597
6243
2759
2358
6911
2426
8390
348
8103
1236
8572
8967
2950
15
6927
2235
6731
3267
1201
8743
1794
7984
1128
2576
2460
5294
2172
2759
687
3996
2323
2822
8960
8903
2246
264
5807
5261
2804
2175
2400
25
839
6834
2484
2106
2753
8409
5830
1601
6179
1477
2824
6627
8789
8617
5305
2252
3981
6154
1106
2862
8593
6627
2153
2592
1674
7986
6410
8140
376
1474
2736
6758
7762
8987
6860
1308
1864
2755
8329
8486
2690
2720
1635
8503
2890
2977
2826
5806
2779
1660
11000
6196
8436
6804
2745
2322
8724
5471
2310
3386
664
2109
6831
6391
2202
1672
6961
2354
1486
7641
4978
2789
2184
5232
3864
147
8935
8747
6483
6187
2863
8397
2380
5100
8446
2913
6375
2145
2346
6633
2182
2611
8434
2502
2158
6642
2148
1929
8782
273
2608
6377
6769
1892
6901
8948
2441
7265
7276
2631
5895
2495
241
2500
8204
2187
2737
6632
1887
850
8659
1130
1165
1588
8899
1247
6636
1892
1763
660
8722
1631
8323
3215
2520
5895
6348
2394
8995
8267
2687
631
8749
2560
6592
5800
6974
7703
1723
8665
2507
6318
6704
5785
5447
2999
1362
1944
2937
2505
1149
8494
5909
2852
8159
2831
6577
853
2397
8932
2814
1456
8710
611
85
7307
6313
7210
6502
2267
2995
669
2776
2694
2902
6950
8583
7729
1560
2121
2267
8657
2989
877
8514
8557
623
5218
241
5492
1617
8854
2847
2618
2708
3194
2298
2160
6829
6595
6479
2914
1239
8819
6139
2131
8786
2240
2757
1888
2443
154
8557
1225
5407
182
6269
8321
1372
7639
1630
4310
7110
5476
8915
8896
2737
2148
2919
1536
8561
1757
668
2361
7775
8963
6205
2316
7175
2870
1175
1608
6852
2286
150
8272
6731
6278
2398
1891
6968
6812
8120
8448
1200
1805
2347
2625
8203
1844
1166
7794
1947
8252
21000
8415
2559
1953
6974
8834
6139
2479
1637
8792
5476
2530
2301
8879
8663
380
789
6885
112
6902
6874
8757
5382
2102
8242
2136
6792
8181
1396
2211
1312
3358
1846
2130
5752
1974
115
6942
7876
6774
6661
8153
5775
2736
2377
159
6546
3764
5431
2977
6624
2402
1871
6342
6920
8455
8443
1372
1468
8642
2372
8594
8354
2212
2955
1992
2995
126
8840
6838
8535
2408
2531
2525
3169
6510
845
6223
6613
687
6164
196
2529
3197
1441
2181
6898
1113
2198
2169
8470
6125
536
8328
7589
8176
8935
1791
5166
8378
1399
6883
2204
2265
881
1727
5557
6223
6248
2743
884
6229
8390
2691
2584
1915
8183
214
1418
669
2647
8519
1148
8703
8765
245
1510
346
5983
5654
1134
2480
890
2663
2124
269
6470
6653
6872
5707
1207
2617
868
8858
2361
4756
1135
8772
3242
7290
2639
8187
2514
1478
6868
1780
8563
8961
2601
6896
1155
1214
6518
6707
136
7865
851
7101
2118
8180
2183
8327
8729
1663
1479
2221
8746
8327
7891
2616
1322
6537
1858
7538
6526
1321
6818
8816
4911
2495
5480
8111
8643
142
7587
8719
2813
1309
2362
2982
2361
1628
224
8122
1705
8809
2577
2497
2165
2236
7493
7924
8322
5458
6752
8716
2822
6115
3729
8954
8135
7104
1259
5826
5336
3575
1924
7209
1989
7132
1623
2927
5777
7972
2510
6662
7252
2481
7226
2367
8569
7443
8104
7671
2994
8742
7489
1142
8671
7699
7653
2546
3268
7938
8709
2264
2621
2737
6731
3959
1887
2992
54
1295
1981
8148
146
5734
1645
1970
2878
7108
7118
2390
7346
2839
781
7711
8939
2445
1249
2383
2693
2571
8844
8951
1646
8928
8426
5379
7630
7680
231
1702
5592
450
1394
8957
7869
2476
7517
1664
842
793
654
1285
2754
5331
1852
2727
2735
1802
7466
1941
737
1591
8725
7722
3950
828
1691
260
816
6154
7898
8629
8836
8726
2969
1857
8310
1676
2705
2230
2319
8551
7820
8259
6643
5712
2409
299
767
2201
1778
7296
7428
7183
2448
2383
3375
2727
2824
1496
8874
8953
2708
2228
3675
1377
615
2898
1621
2528
7282
7881
7213
2115
2466
24
4460
2298
1678
1186
7226
3547
4544
262
1797
7476
1158
7131
1663
7636
8203
7636
2771
7484
525
1136
1775
1691
1698
2575
7153
7489
2410
7397
159
2926
296
145
2809
2574
2451
7474
2770
7697
2102
2688
8479
875
1798
2708
8178
2215
8610
2370
7659
2586
7636
8185
5454
7155
8975
7665
1952
3847
1388
8918
5241
7407
8882
549
1556
7742
7326
4767
7427
8232
8638
1853
1117
8594
1352
1175
851
8321
7820
6939
1288
7677
7697
7179
7272
7145
247
5129
7815
7872
5530
846
734
7234
7240
8357
8862
7978
8174
8584
888
7541
634
7173
2698
375
7109
2618
2964
8234
72
8848
8782
8579
2698
883
6857
1860
2355
6635
8238
8226
2391
1410
4482
2492
7102
2251
7947
7884
1432
766
1862
2253
8458
1162
2307
3636
7616
2734
7986
7709
1997
2639
8232
1629
5145
7140
8647
2536
8226
5568
222
2971
1298
299
2904
887
2888
2691
7618
192
1265
6899
1230
7797
8543
1415
6410
5832
1850
1100
7845
5760
7246
8566
7837
5746
8275
186
892
7946
1349
6721
1148
276
7474
7594
8316
7268
6905
8630
7711
6318
3386
2340
695
2253
7888
1279
3330
2545
1419
2555
8585
4271
1928
7905
8426
8990
7643
888
7105
1194
142
784
8770
7185
713
2402
7972
517
8256
3522
2935
1317
7888
7901
7570
1166
7738
291
1934
8289
2373
7381
733
2763
7928
8770
2875
3697
2360
5537
381
2684
8394
2609
8191
821
2256
8398
2392
2473
8611
7172
7151
7110
2687
1978
7635
8920
2409
7384
8232
8525
6822
1594
5206
8721
221
7900
5122
261
830
7783
249
8501
8765
8417
1708
3947
7252
1370
2391
2898
27
7929
692
1523
1206
1413
2801
2316
6240
2105
2384
8572
5713
3737
8832
8765
8458
2962
2954
5989
8682
8867
1347
899
8781
8661
2485
6393
7925
2151
8571
8787
2691
2360
3630
1188
7163
1678
5928
8101
2354
6725
8968
8609
5255
2474
8759
1378
1475
2152
8875
3786
8587
8700
8108
7413
4978
3186
2564
8392
2705
6864
841
2983
8456
1790
1753
1929
1501
2438
8263
8229
2167
2815
8907
8862
8753
21
2838
2518
1774
197
1848
2405
2333
3465
8395
8557
8794
354
8227
8514
638
3100
1218
8140
2223
3184
8377
8115
8237
2581
8151
2542
1979
1630
8807
5229
1145
8886
8850
8231
8844
8570
2480
2555
2902
5872
825
2120
8798
840
8556
6180
8838
279
8601
8735
5810
1403
8348
755
211
2992
1746
2923
8753
1601
2816
7987
268
4470
8842
8389
1362
8922
2829
1497
836
8662
8338
8583
1643
2191
7717
2412
8552
890
251
8521
3609
6471
2688
8558
2910
8355
3307
1479
8115
7865
147
2823
5867
8143
2956
1280
2407
263
5740
8203
1307
2631
2833
140
8514
2293
8828
2261
6577
2560
6543
8331
2929
2567
8274
2517
2309
2297
8422
2411
8924
1542
7138
8756
8935
1412
261
1305
8130
8335
2264
8630
8985
726
2798
7122
8303
2604
8431
8339
2151
8904
2668
2163
7580
1692
5778
5155
1545
8515
3779
1773
8396
2978
1548
8636
2946
8571
1151
1550
8963
8284
2277
8719
1705
1409
2488
8498
8578
2494
5581
2903
2357
1728
1444
8777
4342
1888
8432
8103
2869
2478
8297
2830
8425
8960
6839
5732
1992
7958
7271
8702
1279
1547
2665
8929
1482
8527
2589
2927
2243
735
1619
8694
2418
8769
6702
8836
8180
8384
8435
1580
6707
293
1665
6645
8881
213
8471
2284
2114
8692
2759
2836
1260
2443
7473
2358
2442
2345
522
8571
2580
1968
8970
2810
2945
8994
4603
8679
8180
8636
6717
8308
8641
8813
1382
2187
8479
8378
872
1969
3988
2141
1502
7692
8451
5320
8600
246
8866
8836
2716
1729
1648
225
1117
8273
3693
833
1460
8366
21000
8106
2901
8864
8792
151
1651
8581
6813
2229
7236
1539
1933
2954
5654
8802
553
8134
1232
3709
7258
2100
8393
8292
869
8270
8365
6587
2854
8938
8856
7820
6955
2812
8120
8463
1568
2589
3972
2875
8947
882
2672
2782
8672
2631
8302
2143
8321
5321
1397
7408
1645
8353
7870
197
2366
7524
8558
318
618
2449
8883
1423
5306
81
8961
8952
2682
2393
490
8682
8793
2714
5495
1385
2317
2558
7734
1976
1763
2311
1704
2531
4206
2620
8755
2943
8400
2121
150
3565
8560
8279
2420
2360
6462
8903
2370
1890
6845
879
2748
5678
2444
8666
6488
4302
2835
8398
7570
2809
2643
8360
2701
8949
2258
368
4704
1604
8526
1781
8232
8802
2762
8478
8169
689
6514
2182
598
8442
8802
8486
7827
1560
2194
6938
8717
1714
8943
8367
1198
2399
8477
1888
2462
2637
3169
1711
5489
1517
4575
2161
1515
2349
2403
1420
2787
8970
5712
315
8700
8423
2794
8719
8412
8371
2105
2530
8861
2572
2569
1263
1179
1736
255
5558
8912
254
1654
465
2803
8495
4726
1711
8886
8609
8574
1806
1486
5302
5439
8258
1994
2332
615
8370
6648
8378
3566
8484
8621
8263
8267
8591
2321
5832
8653
3106
2252
2698
5249
8879
8603
8100
8417
294
8718
8872
359
8701
5526
2772
3473
8853
8785
1116
2622
2235
2440
8713
7874
8725
6351
8866
8375
7241
4747
8597
8256
8357
8754
8416
1815
2462
2380
7306
1426
6229
8124
8964
1692
4511
2726
2263
838
6577
3353
8541
5248
8436
8632
8616
2452
2759
8869
1784
178
2499
2407
3858
2337
7243
3868
245
2138
81
181
2936
1306
8651
8912
8387
183
2232
1748
2598
8240
2193
2363
1116
2335
8944
226
1196
115
7246
8609
8371
163
5314
2900
7663
832
8161
778
8601
8672
7732
849
8573
1623
8760
8982
1754
890
2167
873
2921
2902
5444
272
4461
8162
6879
2152
273
8930
8920
8636
7215
813
8518
8270
1987
8555
8562
2494
1975
1761
8851
1743
8771
294
8274
8564
6498
8934
2652
8802
1424
1879
2920
5899
8970
1366
5612
856
1566
3813
8387
5691
2732
870
5827
2374
6128
7635
8730
8897
2549
8763
8936
8454
1509
8988
8977
1278
8448
7414
1415
8763
8689
8540
1940
2322
2288
1897
5150
8975
1124
7202
1581
8754
8693
1911
2102
8339
5272
2818
89
2673
1136
6610
876
8909
8691
8741
2877
2952
2185
1807
7665
8427
82
8450
1875
1607
5760
8807
8865
2105
8839
8180
8239
8307
2994
812
6253
5773
1137
843
1688
7103
8656
2592
1529
8595
3273
7703
7626
8954
1165
8473
6195
2141
1856
7157
3488
5720
2850
3186
824
2978
8745
6406
8998
8746
2849
8362
26
879
8628
8214
8258
1419
8343
867
8253
2360
2454
1296
8990
2400
2878
8187
850
5850
5296
2788
859
8757
8710
1631
8848
1923
2237
7625
8931
2385
8747
2408
1247
2327
4309
2197
1346
8221
8614
2698
2923
8786
8308
8262
497
8761
5249
8358
8489
2488
2102
1137
5616
2858
1249
8179
2201
1131
8791
8829
2724
8915
8239
8324
2983
4282
5814
8105
8759
2993
2499
4972
2825
8417
8234
2205
8427
8422
1291
5466
1598
2407
8143
570
126
8179
2649
883
8864
8749
2786
2569
2629
1799
5552
8199
8575
8927
8897
2199
8625
8595
2416
8755
3829
158
1840
4286
8207
1333
2660
8588
5208
8122
2183
8314
5143
740
794
5713
8172
156
1408
8427
8135
5529
1859
8498
5112
199
8522
1782
276
8865
8271
8129
2137
8614
8849
8755
8621
2932
8155
813
2432
6859
8865
686
1239
2333
1995
2119
2537
8932
8958
880
6641
890
1876
7945
2562
7587
5144
1309
1130
8166
893
7449
2729
2632
2370
1197
4825
8796
2278
8571
2612
2933
8351
8201
1936
24
1846
24
2290
8187
8656
5603
1301
1433
8693
8485
8598
6347
8979
2891
8742
7991
871
3121
4143
8623
8971
2696
2974
7872
1821
249
8221
8254
8336
2203
8207
8106
1521
1582
2951
8417
8956
1104
8486
8492
818
2476
3297
2789
2192
160
2371
2260
8250
26
1733
3988
3863
2698
8198
1342
8699
8360
1805
8364
2369
344
8107
6378
8958
2173
8571
7793
7910
149
8892
8831
8572
2414
8288
2732
8360
7588
1235
8840
132
1531
143
2130
2863
1639
8570
8814
1531
8639
2553
5927
2610
2681
127
2432
7347
1717
1137
2595
4807
2671
8981
2846
8143
2573
2570
2330
2574
1195
8493
8498
8473
8652
6239
860
517
1336
2991
6341
1315
2356
799
8771
8580
8693
1201
8764
2463
839
7261
1856
1609
854
6913
1411
220
8651
8806
2357
796
8238
2420
7948
735
5214
2638
8769
2771
4719
857
2943
1800
1658
8850
2789
8207
75
150
2361
664
19
7496
1162
8585
2707
2439
1114
1728
1311
2603
8884
1967
2305
5351
8149
8985
866
295
8595
8437
5468
2432
8373
8454
1493
8460
2939
8583
8946
2292
2840
7291
222
8187
8652
243
1752
2448
2414
7187
1121
5322
7523
8808
1891
1724
1244
1978
2670
1284
241
744
5449
5526
7418
8876
8127
8263
6558
8379
8684
2616
8367
2427
8454
8566
8984
8415
8252
8728
2191
2338
4518
8519
2549
274
2829
5223
2740
6298
4782
8169
2757
8730
1103
6327
1265
279
1417
2350
8100
7554
7616
8116
8297
3110
2495
8554
2655
8915
2310
8410
1295
5646
893
5897
8316
355
8358
8469
8897
1903
8793
8201
867
3604
8634
8292
2536
8611
8456
8550
8890
1795
4737
8709
2643
2882
160
6584
8265
2757
8765
2864
5600
2202
298
8438
7178
2954
8891
8238
8947
2333
1350
846
8711
1439
8852
8336
4660
2413
1443
2865
8518
8259
6577
2923
2337
2199
6310
8177
1425
2735
759
8726
5917
7409
8183
1603
8592
1295
8351
8561
8426
2800
4481
8709
1879
2317
8425
8519
2479
8485
8563
3665
1491
2709
3475
2179
8233
8753
1277
8242
2194
6184
38
2992
5498
5860
1432
1536
1479
2804
863
1410
2276
2514
8531
2441
8112
1354
2967
1974
8264
254
860
818
8500
2952
1642
4276
2942
4163
2533
1188
8674
6316
4489
8818
8355
2731
122
1225
2372
831
2872
1961
7397
2426
8589
1282
2290
2903
2261
8284
8136
2242
8595
820
8366
8642
8533
593
542
2316
2225
150
1615
8315
1993
6394
8891
4502
1551
8627
2692
2697
1934
2952
238
173
8692
2104
2184
8471
815
2241
7345
8673
8141
8123
5257
5704
1918
2802
2652
8403
8102
295
5259
8409
1600
1305
8796
1364
2375
8435
185
8110
1128
2911
2491
8441
8738
5546
2596
6125
2196
2577
5356
7949
1397
8460
3964
377
8931
7951
8301
8513
695
8456
8227
1673
83
8467
2233
2388
6283
6719
5604
8393
8866
7430
8467
2592
2344
474
2724
2865
2393
4424
8358
1146
1458
8618
8806
1552
4677
1634
8570
2552
8479
8133
8492
864
8272
8331
3212
2201
2872
8917
6581
1510
1390
1205
7673
8199
1718
1474
8606
1447
7429
6259
5110
2875
8848
8386
1258
219
2943
225
1843
1839
1126
2934
5466
8836
1656
5650
8667
8126
1134
8842
6909
2208
15
5795
1897
8995
5850
8235
8990
2891
7723
2376
8776
2450
2878
4535
5284
8138
7506
1921
3152
2180
3610
2360
2902
6411
2877
8496
3730
1669
1853
8947
8746
233
321
5973
2194
2635
1930
8560
883
8809
1196
8686
2137
8192
2126
2186
2380
8159
2539
2599
8518
8509
831
2167
1476
8607
2782
169
8322
813
8103
1157
8383
8432
6768
8791
5534
833
8711
7592
2949
858
2981
2632
1137
679
8202
6529
5987
1799
850
273
6888
3692
8668
8319
6167
2186
1900
2655
8685
8479
379
8345
1921
1782
1835
2643
3553
2802
168
6709
6668
823
8644
6250
1624
2766
2243
293
5718
1759
1967
1850
2947
8559
2723
2859
8640
2382
2701
1486
2306
1703
5562
2462
8644
8977
5965
1254
2263
2417
8442
2457
1898
8224
710
87
1674
6397
8597
4326
2195
8783
8263
2866
5572
8809
2630
180
877
1810
5254
2448
1838
8102
1950
2710
2660
8827
1204
2378
192
8252
8262
8839
2416
8719
2482
4817
1921
1706
1801
1232
85
6186
1957
1458
2447
1456
8189
2500
1156
876
8904
1283
1498
8359
8225
1934
2181
1528
8725
2941
8181
1936
891
8760
8589
2351
2999
8429
2689
11000
4963
8763
8435
8493
1821
2631
8472
8971
2367
889
8132
2438
6907
823
5671
2130
7131
2359
8456
3484
8741
2429
2779
2928
8152
858
8712
5434
8466
8830
2990
8967
2800
1216
7378
8816
8486
6596
7742
5644
6116
2300
8354
5306
8448
2968
8961
2988
8976
2223
5353
4435
8122
6289
860
2139
2699
6248
6249
5302
2634
8757
1125
8867
6663
2217
2739
3800
8579
3982
1671
8453
1570
2486
3100
3659
7115
8787
3224
374
5766
7822
1586
2736
8989
8106
2860
7820
8603
8201
8278
8875
8960
5774
1214
2672
7631
823
341
2832
1186
8673
356
4336
8185
2608
8852
1281
1891
7311
8591
8482
1201
8383
8511
2264
1331
8852
2767
2904
3627
2827
8310
8430
8900
1328
1175
2836
6585
1477
7477
7619
1931
5968
8481
726
2972
8116
2465
7408
8176
7328
8991
814
8982
5568
7856
8647
8217
2547
8469
3757
2708
5236
1261
8143
2835
8546
1176
138
1439
2637
2560
1471
2988
8780
7754
6353
2652
5842
8396
5100
8801
2972
2928
2181
2216
2905
6206
5560
1970
1509
2900
8336
1246
8358
1957
7823
2271
2971
6424
2183
1741
8356
8913
8639
5423
2978
5403
8419
1766
652
8848
2915
6336
6531
2509
2677
838
8633
237
2951
2758
8385
2781
8827
8240
8139
2914
8115
7116
2651
1332
2208
6189
8962
8616
1901
1856
1382
8678
2694
8807
4785
8954
8435
8241
8594
3711
8305
2626
8322
885
5573
8405
8842
2491
8660
8122
8408
837
2972
2455
853
8761
8774
2373
513
8105
8938
8843
8922
2674
2689
8217
835
4346
7521
552
195
1564
2811
2948
2590
8991
880
4604
8617
2230
246
8731
1368
8850
2346
2620
6143
8910
5424
6497
2220
8494
1833
8524
8463
2289
25
1783
170
1333
2799
8457
8109
225
1927
8310
2158
6793
2958
8630
7729
2615
2491
2574
1936
7213
8786
1208
2345
7462
8826
2602
810
8438
4818
1457
8424
8453
1385
2667
878
1754
8658
1521
2866
8828
5123
1140
1722
8379
8122
8590
1707
1379
1887
5142
84
8664
2386
2185
8375
1330
8742
8563
232
2905
2924
8373
2728
8399
2422
4647
8292
8414
2504
2182
2471
1640
1409
2354
2521
1727
1763
8607
2162
2917
1257
6627
546
692
5469
3107
8243
279
1212
8338
2693
5548
8460
8453
8442
2269
815
8616
6784
8141
1583
8334
1269
8306
2968
8819
2660
5190
8560
5121
1584
1824
5635
2489
164
8703
2112
2716
2423
8649
1122
8161
1920
1488
8249
2643
8863
8157
2854
8821
3457
880
170
8764
2808
6567
2982
180
7322
8584
2434
85
8261
2555
5630
8487
1714
8559
2355
7638
8186
8414
8231
1774
26
8371
7335
8865
855
8821
2227
2412
5310
6899
6897
7267
8231
1381
2155
1922
2606
1384
1815
8928
4470
8673
8904
252
2844
2427
873
6386
3335
2318
8997
8532
2934
1265
8161
6915
8620
8865
2932
8761
283
8848
8638
8669
2320
8515
8669
8116
2935
2553
876
2176
6650
8961
8767
2852
1374
8104
1975
8791
2913
4745
2216
8194
2266
2419
8698
8938
8810
123
2725
1582
4559
2209
8166
2832
2935
586
6206
1362
8313
2630
760
8467
5189
1554
3768
1986
514
45
432
2224
2900
8921
21000
2365
2422
5847
8595
8125
8974
8859
1108
2562
8160
2682
8457
1715
2922
1249
8757
112
8604
8798
2113
5239
7291
210
8294
2400
8214
1697
2935
1156
8889
1997
7203
8311
2600
8493
8425
1109
8610
6581
5708
8340
270
8407
8399
1869
2374
1442
3924
8232
8525
2862
8502
899
137
231
236
5805
2194
8897
2144
2177
8824
287
516
1575
298
2157
1346
8531
6585
2154
2148
2958
1106
8251
899
8136
1208
8776
8884
8633
8975
2450
1484
8378
2441
891
8926
6831
2243
268
2852
2492
8818
3811
6141
1705
2226
1637
2842
1237
8807
7123
5990
8153
7552
8538
1216