1889
3526
4248
8112
437
2505
2281
9462
8294
1989
2203
3870
1764
2530
1901
2565
92
2231
6968
153
2819
1652
1971
1609
9973
2125
2411
2746
2838
237
1354
1480
9613
1378
1323
9509
9758
1523
4578
877
6126
1965
1999
1956
2695
1392
6276
2889
2948
2766
4406
2837
8731
1914
4205
1378
6505
4335
466
2873
6399
2474
6572
3311
4728
4420
2528
2142
9831
131
1878
7363
6179
1843
854
2137
9734
962
2481
179
6953
222
3506
1353
8839
9972
2433
1815
838
1942
688
1402
2813
2175
9179
1713
8594
1818
9435
1173
1576
1250
3158
2308
1526
1379
2270
1764
6645
2942
8876
7112
764
6917
2517
1690
8622
8843
2747
5246
3717
1634
2693
1308
1315
1696
1731
8348
1514
291
2124
2848
2836
2556
1456
9333
1675
1938
8793
8917
8210
292
2245
1316
2866
1680
8119
231
9296
4171
9101
1641
175
1487
2152
7677
1143
1813
285
8664
8357
9900
1105
8269
1547
2391
9867
2520
2720
18
2561
1544
8469
2606
2724
6565
1478
1150
2223
9327
2837
3333
4516
4367
873
1948
8848
8270
288
1859
6991
1177
4282
1473
2323
2482
2864
8684
9983
2179
1326
8205
8547
1279
2360
2714
2798
5666
9444
8740
1742
4891
6958
2100
2714
7456
2849
1643
838
2939
5764
1813
1882
8283
1717
8539
8699
1134
228
3898
8713
7690
978
7976
5511
2404
834
6537
1688
2860
8930
1406
2426
1487
2502
1158
1830
2469
2383
3742
8955
2751
6347
2688
1183
6553
8114
7805
1972
2200
2165
2161
1614
2667
2531
8348
5688
2395
2554
8201
1538
1256
3923
8393
2603
8155
8393
6527
2368
217
4523
1378
4750
2499
9774
4303
2128
2592
460
4931
140
2936
3766
9936
1522
9737
2228
6566
3831
2533
1816
2382
1841
8528
8116
6339
1474
4389
1757
8814
8840
1883
120
8366
1575
8995
2692
1278
1218
8679
3746
2155
5699
1688
2876
765
3906
9460
2692
1421
8396
1997
9536
2535
6382
5444
1771
2217
2633
8451
1678
8690
1886
9136
1388
1299
2374
2687
2914
8410
2612
1721
2130
194
8567
1943
5289
2903
3123
1577
9313
1897
9998
9338
1535
2218
6282
8806
1621
4345
3869
253
1954
4262
1322
8320
1178
982
7448
4338
2107
2309
5641
1147
1595
1769
8522
868
9170
1968
2787
1127
1818
2953
280
8821
8886
1128
1352
1744
1714
2840
9582
219
9135
9531
2552
7982
2523
2467
9952
1679
170
1686
1437
2941
7712
3604
1385
4246
1300
1271
8729
9995
8943
8185
1672
8298
1377
9557
2913
1858
9528
2381
2977
1972
17
2541
9322
7727
2283
1877
1711
140
3602
1395
2125
1123
2831
6558
4820
1808
135
8844
8698
2178
2259
4897
2135
1681
6325
2680
1936
1690
2767
9307
1294
8347
1255
2595
8834
1767
9725
1108
1737
86
8588
19
8400
6946
2568
145
2176
1793
2682
1530
2434
8908
1310
2806
1108
1468
835
2421
8193
2989
9219
936
8229
8808
8944
9860
1430
2228
5348
1806
17
2804
8828
6501
5115
8290
2905
1241
1346
6289
8615
948
2249
835
9673
8273
1323
8735
3477
8599
2603
8421
7971
191
8566
9215
1119
2175
2565
1713
432
4257
4427
1938
2225
4864
1110
4384
2741
6453
8306
6701
9383
2232
6282
8243
9132
280
1710
8997
123
1277
1104
8397
7389
8583
8299
127
9745
1789
2811
2929
8196
1801
130
1540
2878
9852
8746
1427
7961
2779
7947
1135
8195
1417
1788
8262
1807
2856
8407
270
2786
2962
5671
1343
8400
2298
280
6940
1971
1449
1755
8514
2522
8808
150
2291
3798
4285
1150
1510
1423
1752
2658
159
1327
1860
8531
2683
2885
1146
2948
9690
1742
1579
9818
1630
9964
1803
4626
1293
1269
1850
2752
7359
958
2815
2214
1155
2678
5358
5106
278
1818
9889
1112
2114
9543
1572
813
922
9314
2106
2653
1999
8704
3582
9688
2506
8294
9212
9604
8724
453
2211
6977
8842
2334
1247
6782
6968
8365
266
9107
6582
4730
2837
8701
2452
5803
1406
1550
1260
1614
1818
1305
9356
1969
2842
1407
5994
1315
1132
1570
1104
9871
6756
1203
2487
1817
2535
1378
1660
180
1406
2968
8400
1793
9714
1616
1869
2148
1256
8867
7632
2533
6328
8916
582
7355
1508
1479
2611
167
8764
1438
1561
2842
9909
1719
3112
1916
183
2696
2530
6215
1128
8787
2416
2130
21
8578
8655
2975
8354
8653
7364
2566
2555
2862
6116
636
895
3169
1151
2358
8749
8483
4835
1953
788
1951
8688
136
5803
6277
248
9162
2875
2495
5746
1964
8392
3854
3567
6389
5246
2769
2785
1749
1687
1805
8464
1947
8631
2312
8282
987
1733
333
8190
2552
7248
5425
5637
2702
1790
1241
1168
1111
6339
8461
1794
9169
1565
4831
8887
1991
1277
2730
1241
4491
1930
18
1102
1802
6116
2623
2564
9288
1306
2445
1676
1139
2878
985
4704
8973
9742
8838
1990
1545
8702
6484
1618
2993
2729
2151
8887
9317
6368
3124
9721
2535
1297
1313
3366
8634
119
2377
6177
7799
2147
1266
9420
7301
8811
1272
825
1573
147
2833
1321
8848
1566
2932
9903
4293
1640
7584
1659
6507
2253
8186
4214
7692
2244
1928
8627
4731
6820
9329
5578
2169
4766
8745
4395
9174
1127
1933
1310
5991
1723
153
1681
2230
1229
3281
1230
9731
1241
8372
1861
9968
7550
8603
1864
9906
193
9202
2541
1875
2628
1913
8388
1776
2239
2635
1599
3817
1478
1237
2493
2469
9320
1316
1727
2405
8247
1601
84
6182
2373
2834
2488
1117
9246
1184
8835
1215
8176
2957
2845
3164
1640
6526
9439
1993
2730
9945
1750
1564
28
6474
2733
2424
1379
2983
1468
1144
4681
9870
293
1333
2815
1219
5901
8833
4191
8117
1343
1903
1431
2738
9746
9114
1941
112
1618
9475
9732
7882
8891
1109
1211
9221
157
8885
2438
1423
8516
9104
3448
1258
7101
7300
2513
9674
6903
2669
1835
8168
2506
2600
918
5565
923
18
9902
88
2248
7186
7842
4800
1504
261
1394
1523
22
3580
2152
2103
1581
1557
3160
8162
4699
3246
271
2861
1566
9321
1923
8441
2213
9714
1387
8966
9498
8827
3613
1435
1765
274
8929
8842
1800
2928
2942
1348
2925
2565
2716
6171
1983
1938
1482
2951
6540
4861
26
6284
4277
9482
2312
2994
2813
6414
8236
154
1809
1490
2958
931
2345
1338
1266
4948
9596
9698
1497
1207
8430
8158
8968
1437
1697
8533
1857
286
2972
1623
185
1223
1973
8225
2903
6579
1725
1355
2927
165
8727
1331
23
9359
2549
1317
1320
2684
1625
5713
1768
8410
172
1384
1488
4542
9957
2377
1803
8101
36
8237
235
2745
3141
2855
2918
2826
6335
9124
9141
8216
2299
8501
6239
148
1575
2637
9369
8618
7389
1415
1410
8642
1797
1881
1278
1856
8694
8755
8885
1354
1564
21
1652
8504
1896
2767
6601
1628
178
4582
1269
2149
1575
1793
280
4145
2286
9236
2775
4658
9803
9581
6373
2774
2594
1324
1723
2432
1798
2892
3299
1988
2109
1440
2749
2790
3560
2268
2109
5951
9253
2476
1850
2948
1585
1286
1748
1803
112
8994
2969
8781
3435
4144
5138
2817
180
1939
3987
5857
2264
8661
1147
2392
1428
8133
5876
9508
2513
1885
9159
6562
1633
9111
8338
8773
1437
8667
285
766
2266
9422
5250
1906
2653
2346
1129
1359
8633
1227
1379
7659
1155
192
3112
2801
5468
8518
1646
4930
144
2450
1273
2908
6587
1398
1734
8665
2354
1105
9613
980
1708
259
3825
2622
8204
164
1207
5867
1859
2477
9952
1718
8143
4754
2531
1640
894
8943
1641
9444
1852
2653
8848
6580
17
6557
1719
2983
1168
186
9672
4188
2914
8362
2874
6783
4333
9840
8686
6717
460
1888
1554
8692
7972
1952
1241
8485
1132
7728
2859
1837
8557
2584
1379
8859
2708
1606
7118
6131
9995
2907
1495
3613
1266
1611
144
7444
1332
2337
1282
1501
2525
9285
4403
293
8676
1715
2408
3469
9674
6273
1830
1828
8575
2721
2152
9868
6255
154
1454
8148
9150
1695
8362
1444
1914
2586
3763
4909
1695
8695
4997
9713
8462
178
864
8368
5691
3103
8213
884
1584
8133
2676
2913
1620
2140
4580
8527
2966
2197
6531
151
2851
2926
1786
1555
9641
2189
4300
2219
7652
3130
2433
9193
1289
1254
1133
7752
8587
8750
9709
2979
2595
1452
3597
1485
2773
1404
2520
1582
8337
1338
8178
6590
1686
8135
6264
2561
2164
6954
2653
2275
8433
1844
3711
1912
4424
1506
8694
2635
275
2545
9657
3294
8350
3853
1289
4107
23
9844
2416
7285
1969
2821
1684
141
9842
6903
8438
8325
2708
2995
8224
2659
7158
8418
2683
6766
2592
13
8101
2673
2265
2925
1550
1854
2699
6504
9597
2219
8215
8857
3888
994
9416
2406
2966
1481
1968
8710
9910
8736
2886
1726
3350
4549
9107
2160
9227
8158
1854
1638
2113
9543
2896
2199
5177
8824
4856
2575
2223
1325
1668
2832
177
1206
3890
1455
8704
1217
8707
3928
3373
2105
1835
2859
8494
2279
8402
2324
1639
9985
6333
1441
276
160
4121
1507
1657
8680
615
1649
1808
8481
8695
2722
1910
4949
8757
3892
1798
2238
1381
2155
1434
2109
4238
7397
2956
1906
88
889
9660
4528
2892
1855
2808
8279
1882
3180
1880
9372
7878
1646
8859
4403
1549
2611
176
1767
1397
1512
2293
2246
2562
6858
7838
1387
2387
1197
2638
1750
159
9641
284
1849
1155
8883
1598
5807
8167
2426
7572
3443
1632
8890
1970
7641
6696
2917
4557
2434
3230
1461
1846
1990
2615
2819
2352
4546
234
1787
2610
8743
1307
1966
149
1352
8430
354
8113
8211
2990
1371
2509
8314
1895
9374
7768
4149
8662
9892
8164
8375
66
18
2571
6449
9395
2489
1688
9225
8451
274
2614
8650
1662
188
7317
2791
9400
2886
2463
9206
1868
2940
191
93
1351
214
1738
3105
5723
1324
24
8820
2127
1750
2634
1799
2243
1859
4226
4397
1372
2736
1979
8462
1298
5839
1536
1166
1496
2936
22
2412
2653
8289
9720
1609
9992
2755
937
6330
1138
1864
1523
3492
9765
1761
7212
6899
1518
1684
3620
7515
380
9355
6591
2216
3469
1631
7893
2411
1340
6475
1981
2664
9429
844
4318
9467
1396
1551
6460
2854
5293
1260
9307
1221
9443
2928
2789
1691
1796
2795
2538
2293
1690
1942
899
5135
1965
2353
9551
1310
6961
2537
7671
9207
620
264
2450
467
1776
7515
8128
1627
2891
4520
1326
1211
6945
2663
2969
1696
7991
9788
1214
1915
8843
1861
1266
5718
2524
2990
8318
1717
1752
2870
9690
2497
9808
1334
2703
1563
138
2923
3514
4412
3608
4806
8889
5814
9177
584
1558
1990
2883
1953
4551
2686
8352
190
1620
6149
820
1437
7922
2888
1566
2883
6769
811
5881
4882
8831
8250
9893
2555
9363
6240
2102
8153
244
7608
2706
8924
8665
2110
2238
51000
2160
1327
2185
6523
9571
1845
2919
3200
1110
1563
1855
2641
2563
2140
7685
9264
1154
1168
2979
8713
276
2860
1157
8784
8226
6787
5137
9953
9251
2823
849
6670
9604
9974
8417
2237
8690
2286
1663
1288
2261
2178
1711
4319
9688
1492
1965
2555
9414
2202
2364
2365
2181
1360
280
8100
3365
1154
8966
7194
1935
5970
2587
1990
3327
1929
8517
2553
160
2677
9655
9694
119
196
9924
9925
2944
2365
1197
5450
355
183
8995
9363
8343
8284
1630
9648
1504
6921
9305
2643
4767
1691
1172
6134
1400
1299
1193
117
2761
199
2798
6670
1545
7977
5449
1280
1433
676
8377
3627
2835
1695
1158
288
1257
1200
9132
9483
8200
9906
1919
2959
9311
1184
3588
8403
7159
2118
1487
9125
8943
2595
2454
2723
2975
2175
2657
2703
4418
2542
2231
2949
1699
9914
1928
5476
1692
2335
2886
1646
1324
1900
3477
8807
2896
8820
254
9747
5389
1152
2617
9597
2505
256
1664
1704
2331
2701
1257
1424
1174
1798
1923
278
2801
6380
1967
1673
2922
1440
893
431
2255
8522
141
1949
8518
1536
2227
2970
1333
1101
6449
1460
4621
1865
1133
1361
8220
1185
4604
8968
9141
2979
2422
235
2532
1947
2443
1962
8319
997
2332
6814
2838
9137
2160
9806
8712
9220
177
1124
4872
1384
2864
9881
1796
8707
8756
2379
123
9842
7532
8372
1927
3516
299
1272
8810
8302
4465
8293
8796
8949
1455
2595
1422
7516
2229
2618
4211
2793
2371
163
9108
1514
1300
3940
1330
9458
255
9675
9489
2474
4396
2739
2520
8190
1606
9748
9975
841
2491
192
8708
1251
3949
9566
2603
8644
9627
1347
8225
2747
1962
2421
2123
1392
2237
2973
4944
9624
9967
960
9772
9159
8451
2417
1452
9668
6315
2605
2279
8263
2263
2153
2523
1117
6261
2380
2787
8838
2211
2166
8964
8251
2829
1544
9448
9523
1739
8693
9941
2432
2197
9502
9520
2991
74
2569
9939
8713
1250
2772
8293
3326
5744
1731
1525
2578
2379
2915
6583
4143
1196
2600
2399
2593
147
2991
2376
7679
9178
1431
8755
3111
118
8866
1642
9651
661
2845
8930
8783
2933
8518
2599
4730
972
8465
8938
8435
4928
9214
2892
2556
5989
2707
1930
2181
2635
1943
2958
2255
1853
9957
8963
1827
1384
3205
542
2550
8856
3178
7837
423
2919
8365
2321
9327
2528
1695
1666
2820
1444
2733
2793
2302
2121
6721
2820
7323
27
24
5260
9680
8666
2517
2736
1587
9941
110
1871
415
8461
6513
232
2610
5109
2540
680
2865
2337
2856
2547
8635
2487
8514
6898
2227
7474
1347
6869
8942
3483
224
1380
2177
4937
9874
2565
1661
9710
5749
440
263
8865
8744
7666
958
6131
1945
2133
2230
2507
2640
1654
3253
8753
8771
282
9699
2567
4330
2998
1993
1147
2487
283
9418
2951
239
1935
1936
8966
2551
8149
1994
9939
9883
2610
1905
8912
2367
2965
1390
8667
1788
4274
2299
2381
6897
5609
1305
8397
8199
2284
2909
5913
1393
1354
2188
9514
2734
2464
1918
2361
2328
2899
2713
7860
1624
3896
8469
2900
2587
9601
1399
8832
1334
2274
7266
2750
4812
2940
2879
377
331
8936
8489
4610
2992
2433
8824
2273
2390
8882
2859
8825
3756
1962
1134
2276
2588
117
2825
7893
6564
1975
2518
2691
5937
2414
9452
2462
1856
992
7374
7650
8423
3148
2163
1715
8410
1361
280
9243
9608
2370
823
2512
1684
2661
2613
5162
2168
2884
8531
2124
8430
1864
8313
1557
9379
9883
83
2606
8457
3821
4656
9347
2813
8710
2438
1768
8994
2275
28
1908
8314
2752
1960
3841
2388
3828
5500
34
1634
8433
1811
8972
2233
2700
8644
9169
1823
5777
2962
9602
2397
2807
1520
4426
3528
6651
1323
4611
8995
4497
2386
2561
6600
1617
2443
9881
8736
8737
2419
2403
1103
2386
8739
2875
275
6439
9178
2567
9713
2196
4926
4358
2623
2306
4264
2759
3125
8811
1926
2927
1399
2289
2422
1932
8145
8890
3472
2968
4971
9206
7909
8428
2933
2827
2745
165
634
8129
2519
2873
2944
48
2245
1411
2578
829
2285
6125
1490
2995
1229
9452
2744
2225
3973
2209
1659
1407
6188
116
9804
2302
8639
6439
8348
9273
4565
1754
8579
1391
1251
2726
1312
89
5312
880
82
2682
2241
2285
6700
2248
130
2518
5898
9725
1856
17
2730
971
7723
951
7129
8861
2109
819
1301
2356
4834
1534
1929
1745
2141
2186
140
2772
1869
2736
2999
1683
8243
6805
941
9870
1734
8121
6182
2188
2968
1654
1934
9575
2658
9600
8863
8687
7283
13
1653
2485
2170
7581
1958
2784
270
1600
1994
2706
2274
8700
2770
1842
1163
8382
2999
8669
1406
8891
1312
2904
1738
2473
2269
9426
7200
4331
2257
2907
8563
4980
2536
8140
4629
2391
8592
1547
728
9146
8226
2638
6467
2659
9554
2263
8983
8955
1332
122
2465
9146
1475
9934
1406
2698
8504
7549
3803
9545
3105
1120
2970
8491
3401
8912
3778
4795
2618
114
8791
6368
242
8899
424
4590
2854
7331
9812
9521
8774
495
8170
8112
8405
2135
2783
1932
3229
8648
9325
1578
1787
7315
9157
1284
8700
2112
2225
2721
8713
4196
8373
225
9172
8787
4578
1681
4294
6444
1502
8223
2986
2627
283
9773
1442
2743
181
3922
2133
12
3969
1927
2985
3442
2435
5514
9196
2770
1417
2208
2636
1221
1337
2623
2687
2278
2510
2409
8605
2725
8885
267
2424
2186
1219
169
2879
236
1123
4340
1350
2534
2844
2487
2861
2297
2615
1769
2419
1116
1178
2852
6324
4602
8619
2575
1850
2836
3318
2785
238
189
5338
8117
2728
2206
2810
8562
278
8240
2152
1560
2745
8429
35
6660
7772
3925
2666
8667
8406
8191
1835
153
6548
2965
1222
8516
2448
3607
1547
3655
2386
5713
1288
2212
9413
2861
1157
873
2752
4168
2356
6467
2907
9524
9320
8323
9245
5144
5663
9673
82
2662
2611
2900
1326
2274
8519
952
3876
8796
265
243
3744
7447
8115
1464
2543
9873
2853
9573
2628
8306
5230
2485
8390
4823
1669
2861
9818
3332
9218
8811
7917
157
297
5517
2566
2197
2683
251
2399
3631
2173
1553
2870
869
2842
1292
2564
11000
2530
4188
294
3730
2926
8816
1637
5537
1375
2400
3537
262
2693
1492
2321
8594
8536
9283
8582
1966
1607
4674
259
1198
2379
2294
4235
5922
2554
521
2180
2673
8177
1749
9225
6881
240
5772
1289
6167
2242
2228
2387
4413
3216
9283
982
2253
2326
2929
2825
3739
2946
2785
8110
2269
8460
1776
1478
2830
1126
9274
2951
1229
2411
2210
2966
7311
2102
2781
1210
2281
2304
245
2825
2756
2973
1996
9363
2937
2420
2715
1697
1274
4256
6439
1933
8296
1843
1316
2564
8201
2285
2924
859
8848
1391
7171
9584
185
273
286
1761
2869
1531
1835
4710
3763
8339
2571
2216
2797
8164
1772
8370
24
1966
1943
2738
9925
9790
6488
2344
2210
184
4734
2979
230
8901
2608
1886
14
2889
867
6742
2133
9273
2437
5786
9962
8417
7923
6925
1501
2112
2415
1235
2698
8921
6840
2747
2952
296
1168
2398
1101
8420
225
288
985
5965
2369
2160
241
1714
2535
1119
1370
378
1921
1790
8783
8650
6666
8315
489
2780
2947
6570
2770
1965
1797
1102
4699
1800
2304
1416
2857
1454
2931
2315
1376
2440
4111
3933
1759
9513
9564
131
2907
2883
8316
2124
2426
2139
8235
946
2761
232
9710
2764
9391
2945
2649
464
2605
1608
8157
2575
2508
2527
9966
8992
2162
2202
9466
2966
2417
7675
1232
2563
8566
8103
2814
1883
8520
1448
6734
2525
1329
2528
2520
1197
2486
1472
7119
2336
9527
1286
2763
2539
242
2394
2284
3643
2365
8845
7339
1285
1259
989
2548
4977
3555
1565
831
2496
9462
2617
2379
7525
1131
2565
4766
2422
2409
1528
1587
7132
8204
8495
1185
146
1855
8945
5629
1344
4461
1617
4280
8669
7799
4219
2152
6836
6683
1834
1344
2488
2258
8149
2489
7734
9882
2602
8879
1484
2534
286
2923
2264
8229
3978
2604
2194
216
2437
2198
182
3110
2303
1923
2271
2729
2555
9481
2834
2971
1617
4461
8109
2713
2663
2272
9914
2691
2457
1635
2488
1237
2514
6402
8521
2486
2533
2499
6354
243
2912
2298
4968
2197
4417
2612
9643
2483
3569
2320
2701
3370
2561
8979
2855
8461
2594
8543
9117
5500
2504
2839
1465
2140
1379
8700
8927
3757
2744
2226
8873
2580
285
528
279
1206
2331
1163
8681
2649
189
2792
885
8882
7331
232
2395
1385
4983
8544
226
8595
2103
4712
5809
4256
9459
9713
8483
2880
1290
1215
2918
823
2960
2813
2463
2231
2914
1903
2408
6859
2881
1115
298
9779
1468
7968
1486
7234
2326
2226
8881
6117
1842
2143
9424
8482
1241
2951
3102
8705
1329
45
8876
9633
1187
8491
3643
8689
2688
8658
8849
9215
8659
6206
5780
1760
2294
2279
2344
2793
267
3198
7382
1548
1391
4176
8975
2383
2733
1663
9326
2974
2433
184
9579
8645
2731
1764
1439
2665
8141
2538
9160
1246
1857
2371
2360
3244
9996
2102
1213
1651
9189
214
2834
2613
1118
2976
6673
2362
2379
2974
236
9480
3147
2518
1752
590
1611
2863
2757
2134
8297
4391
2185
875
2541
9263
2470
6614
4133
2421
2702
2528
8485
9222
1847
1546
1782
1926
6705
2790
2250
9688
5281
8311
271
2172
6869
8487
2346
785
4119
223
3684
2922
2507
2862
6573
8214
2497
2384
3787
2377
3960
9648
2630
1220
2163
9193
7374
2513
8909
2142
7387
8194
27
2319
3850
6392
2176
2446
2234
990
2497
8964
1323
2890
6429
1704
21000
2881
1459
7375
228
2282
1504
2547
2208
9730
176
8106
189
1523
6570
2398
2732
3479
2172
1631
2395
2346
1516
225
8625
2851
1374
2357
284
9671
8625
2800
2111
8606
1982
5560
1650
2507
2619
1546
2795
6326
8111
2809
8747
8665
2918
2727
2592
2273
256
7180
8955
2192
5997
2508
3929
6784
686
2932
1318
6220
8338
9802
111
1364
8596
2678
277
2165
8681
2462
1519
3199
9884
724
2860
9854
3883
2320
1751
9946
2891
2658
2127
2164
8295
1175
545
2505
1902
8925
2391
2102
9112
178
8567
171
8201
5619
325
2707
4528
6300
9825
6451
5704
247
4409
1565
2807
6701
2920
2185
2939
2130
3972
2346
2344
326
2768
9855
8583
87
2371
2464
2242
9683
2257
2294
1297
659
1650
2539
2695
8444
8618
5926
820
2455
9138
8647
8911
494
2704
6344
2724
2591
2843
1773
2720
3828
83
1133
9691
9633
2995
2361
1854
2652
6676
2356
3215
6526
8466
1298
2578
6235
1361
6113
2689
2432
8809
2720
531
2462
3682
2437
726
8287
2176
6420
8256
2229
2502
896
2369
2894
2588
2952
166
7332
2560
250
2349
2406
2618
2931
9719
120
443
2127
5574
2584
3573
8180
2615
2399
1698
2740
8745
1828
274
2439
8353
66
2774
9636
8118
27
1715
6585
9279
8281
1311
2909
2467
2752
1850
2789
5570
2541
2958
2802
9455
4669
2731
2238
2796
2353
270
7339
2634
163
9929
1758
1108
1654
9557
9369
1639
2613
1651
8650
8946
7548
2250
8664
125
7294
2451
1650
8879
11
8979
2106
2544
2576
3444
2515
9106
1529
2428
7888
2467
168
8919
2522
2475
2879
4751
1113
3646
26
1660
1919
2451
1892
2888
2213
2723
190
825
2727
8969
2861
2314
2370
1438
4916
2501
2944
9130
2537
9283
2746
9125
9412
1750
8949
8896
2138
3940
1289
2234
9119
173
1718
7540
2938
3678
2728
2453
1294
121
1719
9391
2389
256
7676
1259
3503
5227
1744
3452
2173
1659
2310
8745
1580
8209
3896
1642
4617
2527
1588
262
1271
6149
282
854
2673
8910
2851
1422
2827
8409
9100
6193
180
4894
8921
2409
9871
9509
846
3643
4999
669
2114
2371
1855
1290
29
9159
2303
1836
848
2862
8795
2690
1172
2335
2120
1591
6819
2360
2862
1621
2724
2424
1663
329
3135
1607
2589
8629
119
2357
2328
8660
376
2667
2978
7961
2524
8178
1104
4818
2155
2369
84
2255
6362
2722
9507
8364
2849
2298
1934
9750
1299
5906
9813
2123
1446
2679
6444
8376
2872
4290
2825
2316
9815
664
1536
3578
1752
2399
3418
8863
9688
1462
2196
854
1929
4165
4753
2934
273
9479
5852
944
1767
291
8220
9170
1623
2852
635
2245
2600
847
1127
8846
2509
1368
2141
3332
3571
1274
2416
8533
2314
1404
8594
2185
2179
9676
9530
2408
2680
2567
1507
8535
1873
2871
1851
8961
2135
638
8431
2405
2284
299
1807
2107
9982
5171
2385
6644
1156
2300
2441
2350
9823
9137
2229
273
1591
9195
2917
2259
2238
2633
9318
3174
3533
8636
2381
2738
8338
2517
2637
2107
661
2825
5123
2298
2742
2318
2412
6322
9194
2145
2490
2583
8659
8279
4895
9145
2987
2196
2910
2902
1937
9345
8618
8890
2143
2527
1199
1936
1460
7295
2645
1513
9817
1338
2775
1381
1552
1479
1898
2122
2346
9944
1485
2506
1110
1951
2172
2660
3670
2557
2480
1921
1322
4616
2599
7925
1237
8377
2645
6456
5722
5980
2911
1343
1791
2811
4760
2217
5880
5184
2882
1186
1416
1259
8747
2218
2867
814
2977
147
7784
2845
1665
2887
8416
9190
9675
8458
8316
6911
5310
4351
2917
9975
224
2465
256
2125
1637
1355
5393
2125
6108
1188
224
2975
9512
1102
2778
219
2423
1728
2168
5913
1896
8803
2489
8532
168
2430
1761
1345
2326
4722
7277
2746
2718
212
4910
2828
866
2350
6336
2118
3422
2407
1513
2575
9128
1607
2450
1788
8370
2190
5672
81
8618
1963
476
5156
2932
5412
1504
1179
554
2239
6273
2629
8387
6271
2233
8657
2397
6599
4895
3588
1591
1341
2705
251
1264
2936
6338
8752
6551
2612
2945
1286
2119
9605
551
2198
2287
2386
7688
8768
2564
2226
528
2160
2988
5985
8371
2361
2948
2163
2186
2101
1562
8776
136
3406
2947
6672
2394
232
2438
4832
8809
9662
2387
5782
2259
2318
1296
8793
7592
22
2351
128
3286
8871
2813
2620
3311
813
2621
9495
2747
2751
1264
2911
3131
1674
8268
9138
2481
2498
2595
475
7925
2603
8603
1824
2922
1528
2620
940
9403
2252
2773
3689
1724
8238
2394
2577
116
4348
1103
2808
8298
1881
7926
234
2552
1178
316
2803
1461
2562
2586
3227
2323
169
8291
2352
2813
1268
1321
1790
3896
2309
3951
1953
1876
2613
6315
1934
4375
6966
132
1727
242
5630
6625
2749
8495
6630
8752
5765
866
2304
8248
9679
9813
991
24
8326
2208
6806
4713
89
8876
2494
283
2546
2134
296
2837
2591
8278
8691
1428
2623
1441
9233
8833
7593
4642
210
991
7787
1727
2760
8787
8426
2860
9203
2605
1637
3882
440
3465
2914
1978
4121
6909
2677
6773
2208
9510
2189
2132
4350
2664
2859
2791
1641
2961
1390
1261
4868
7676
8578
3660
2477
2587
3805
8729
8652
2852
1834
2875
8590
2785
9876
8427
8438
2222
2972
8458
2574
2360
6270
2625
2942
2304
2976
8732
9759
7168
251
2631
8111
8761
9801
2611
2545
2420
2466
1324
9157
8735
2253
9379
298
8668
2807
2611
8374
5374
6670
5300
2936
8467
8891
2317
2415
2968
162
8995
2413
6673
281
1938
2537
5283
1753
8112
8499
3817
2271
2314
2802
1568
9769
6764
8428
9524
9766
2846
1369
2572
9628
9986
2163
2741
9398
2195
1633
2203
1979
3458
1667
6869
1212
1462
1808
222
2641
5329
1724
6485
2135
2169
2688
2623
4823
2145
8829
999
998
2567
2984
6897
1796
2579
264
2347
8229
2870
2835
1339
2896
2387
2533
2517
2783
2439
136
8993
2505
2495
3765
1814
9274
1452
6904
1700
8295
1642
2535
8627
1762
1150
2587
9496
2545
9853
6932
9632
9339
1324
8463
2608
3179
1181
119
2681
6680
8528
9270
3752
240
2971
7601
2685
6776
8661
1273
1688
8723
5752
1781
3474
1839
2508
2352
6334
9334
2986
756
9699
2965
9312
1176
3478
1456
9256
1647
2888
9697
2690
7216
6282
2373
2472
2253
4904
1101
2228
2207
7243
2926
774
1915
2693
8442
2812
2249
4988
1546
8739
2647
1307
2134
2849
983
2500
3601
2367
2644
6857
1800
2663
1885
5726
2401
8593
1346
2941
8138
1702
2102
8406
1876
2759
2366
2103
1605
2114
2209
9158
4550
7462
2168
2544
8366
2640
2788
1393
2851
2931
2959
518
2456
6142
2984
5324
5488
8850
3714
3113
2573
1263
4513
277
1950
1960
8451
1753
6689
1194
2430
2190
234
29
2619
9934
2198
8290
2999
2888
8514
21
2728
2752
3398
1412
2706
1685
2231
8109
2229
8847
2110
683
3960
8481
6117
82
3157
3608
1925
2925
6419
8798
8894
1289
9557
4295
2917
8825
6640
967
8180
1780
1443
1832
8821
1127
2893
9521
2463
5572
1166
8767
6331
2435
2393
2854
3454
2343
162
4197
2931
8477
2274
1307
9473
2445
8450
9755
5350
4365
2338
2472
2161
1500
1424
8824
8723
2106
7581
2103
8413
4787
1766
1641
8599
1860
9398
574
8909
2998
8151
6582
8362
2936
8885
1551
2578
1821
465
2453
2809
5609
9158
2426
2148
2127
1371
2625
8440
9633
1511
2700
2285
2647
1868
2723
2313
1362
2740
211
2375
2125
8379
4267
1751
8815
2287
4927
1425
232
1551
2953
1529
735
2703
8584
2760
6262
8848
2530
1784
9193
2319
2770
2486
8896
8102
9929
9632
4101
8852
2619
2785
8172
266
9904
8906
1618
8105
8982
2949
9337
4806
2718
817
2564
2743
4902
7951
2440
1709
296
287
3519
8842
2446
2624
8648
2835
8137
5647
235
2114
1143
1343
9164
6881
2922
2535
2456
993
3389
9446
1849
1329
8480
4139
8297
8214
2847
198
9833
413
3604
2914
1816
17
146
9991
155
2891
8118
2373
1844
6643
1600
4461
2560
1931
1200
2412
2930
2925
2742
2734
5255
2413
2413
8152
2338
1716
1525
2394
2357
2999
3419
6379
9707
1688
197
8832
1797
5334
2195
1227
135
928
6556
8502
1844
8580
2637
1408
2176
1990
2689
8278
9511
1461
936
1187
6710
2790
2455
7469
3126
2523
1415
2374
1982
236
8250
179
258
2497
1928
284
2479
2402
9741
1760
8161
228
8931
8418
2430
9721
1801
2504
2921
5724
2772
8508
8824
1346
258
1551
2331
156
8439
4239
1481
2979
3214
8923
9952
8999
810
8312
2951
194
1905
8389
1288
2400
8300
8867
5776
211
574
81000
4218
1525
5584
2243
8590
8654
2814
962
1781
1286
830
2574
394
2319
251
8443
1894
1276
9669
9280
1474
9897
1712
8961
2403
8874
2653
2380
2203
2708
5498
1125
1263
2333
6473
7925
2985
1250
116
9818
9125
2926
2718
9162
2658
2650
5174
1703
4786
3440
847
3427
1353
2123
2454
1443
2898
8488
2663
1608
7853
8297
2603
1852
2229
1498
9927
363
81000
5717
7631
2799
1620
1483
2377
1830
8242
270
8626
281
1506
3978
2836
2809
2161
1580
1633
3752
2883
3304
894
4680
4859
7517
1656
6692
8940
8521
2839
3248
1607
1536
8442
9115
3248
81000
2739
5147
3154
3768
871
4155
1545
7344
2783
2299
8413
1796
2906
6290
1414
3714
1984
3629
8635
8224
9124
3137
2903
1265
1400
3562
1282
8941
2537
2701
6658
8113
6248
1516
2656
2706
8903
4782
2399
1954
163
854
9347
6285
2122
2385
9519
6492
2732
9974
9691
3691
3819
2770
3991
2323
9536
3956
3843
1888
5432
9251
9841
7200
2864
2622
3261
1705
1934
4902
1134
3488
3479
9813
1121
249
1142
3672
252
7877
287
6811
8494
3652
8256
2900
2407
3243
2501
2201
3289
8744
9280
8215
1428
1216
1420
2872
3803
3379
1442
3971
1991
3308
172
9132
8569
8858
1771
8663
2804
1136
8740
3191
1506
9596
2480
3166
4406
2275
3502
8638
3486
3278
5510
3481
2405
1394
8640
8573
247
3987
2525
3255
245
1502
7202
8623
9391
2166
6957
3395
1527
1339
9307
3323
2891
8513
5559
9223
8756
3571
8896
283
6162
8298
9597
2459
1481
9724
1957
9180
9495
5201
1668
8942
1246
9453
1877
2357
1802
2971
8710
8201
8789
3972
9365
2242
8228
29
3307
822
8924
4724
2697
1123
1586
2429
3208
943
8291
2478
3304
3656
3690
522
9686
2520
1181
3527
224
1346
2510
2511
9129
1731
8566
1797
3955
8571
6472
2884
2125
1233
6751
3682
2239
2705
9502
9367
1705
8143
2969
512
2160
2419
3497
3125
3158
8159
349
8171
6548
4268
2776
1835
8321
9383
6372
214
79
2750
852
3134
8440
3809
8923
488
3859
5485
1331
3790
3542
5874
477
3675
1182
5789
2237
1884
3890
8500
9279
283
2936
2146
1203
2396
878
8881
8555
3248
2598
2531
3858
1269
4100
4849
2205
1398
3201
1374
277
9750
5612
2651
1882
9997
5334
2496
9469
7430
546
8994
1340
8218
7631
8771
3856
214
9856
9874
3549
4941
1740
2591
1516
8143
2127
2578
2947
1851
3609
3929
8685
6918
3302
9859
2629
3672
1149
3277
7436
3354
8410
8538
471
8398
2938
2991
2753
4374
2456
7498
9285
3873
9101
4187
9501
7466
3344
2619
292
8153
3344
2659
7328
8420
5365
1699
1928
8993
8986
3908
8185
1780
2460
3961
1992
2157
9571
3770
8853
1971
3133
1269
2162
1750
2509
2605
2115
3607
2359
2485
4332
3618
8489
3344
3914
2748
9281
9717
5216
1749
2473
2707
3419
3327
2607
6706
3940
1232
1236
5239
6104
3888
2729
3458
190
795
191
2556
7977
9195
1576
2957
1477
8830
1142
3979
2181
2305
1487
952
8808
3208
1940
1880
2465
2695
1446
2771
1383
5913
3459
2471
8433
237
1588
3792
8938
3501
9880
3609
3639
3811
8649
2413
3997
5830
3173
3542
4241
4993
2539
1726
9636
4981
4972
4494
32
2334
2777
745
1705
4874
147
2226
286
1333
8430
1607
9992
980
9306
5655
2412
2470
4809
2203
5840
4712
4261
4680
6515
234
8130
2503
3824
2253
9290
9329
3438
1402
5628
1403
9748
231
5646
9210
9346
9595
2669
4802
2219
8257
1906
2769
9296
1887
1647
4360
7255
2781
8197
1967
3757
9931
4647
8837
1367
2397
4757
4861
928
2582
5570
4815
4373
9831
2551
2129
3333
8885
4761
4683
3503
4101
1727
1242
753
1502
1248
9409
6481
2806
2231
8969
1919
221
1137
8579
6332
4483
1523
217
9606
227
1248
8855
874
2955
4133
2872
2641
2280
8414
2443
4128
7463
7295
2259
2790
4724
467
3565
2511
8712
110
890
6497
9262
1933
4154
2908
8483
4751
8814
6608
9652
4319
2615
4629
9416
2450
2144
834
9469
1419
7236
9799
4134
2361
8703
8104
2377
346
8997
5769
476
1145
2765
2942
7391
2293
3711
7947
1304
4619
8400
4837
6926
3652
5423
2859
3720
1174
5455
4469
2698
9382
2184
2791
9579
2763
4376
2739
1884
9992
4123
1357
242
2957
6881
2568
4101
4292
8751
9180
2980
2270
4224
2954
4407
1939
2303
3856
2961
1206
1597
4987
6932
9124
7829
689
1775
9116
4945
4330
4706
8764
9400
1277
2531
2167
2296
4463
890
4822
8243
433
4492
3692
471
7994
235
2389
4909
1758
2591
1517
9387
1321
8812
1110
2544
3590
468
5127
4473
2627
1187
4262
8199
6348
3873
9618
4707
1156
4743
8117
168
2994
2209
5431
8952
131
9962
1270
5119
4990
8777
1977
9831
4575
8142
6540
9651
2236
2284
2342
8766
1672
1849
9467
2390
3313
2353
9643
1397
4285
2256
2326
2804
1429
2710
411
2930
4809
1437
4254
1787
8397
2499
232
1799
2400
9798
7726
1996
8179
8721
4560
1470
131
2669
1618
4130
9788
4834
9387
1214
8232
256
8900
2768
1403
972
6830
4103
4889
2562
3448
4442
4727
1153
4464
3483
1742
2619
1157
2943
1305
7872
9896
2371
4385
1709
4704
8728
2125
9720
2793
1629
2618
6410
4159
1325
4615
2573
2811
2932
9375
8118
9175
227
9995
8636
920
3601
9782
1875
1641
4255
8676
3119
2444
1806
1337
2964
2375
1693
4582
8838
282
1620
9669
2855
2816
773
9481
3234
9841
3357
4807
2190
2219
2271
7270
2698
9890
4304
4237
9534
2936
3152
3722
2836
15
4508
2694
2328
2780
4790
9645
4143
1238
4565
3875
8557
2602
28
1369
8147
2887
979
2413
247
1269
31
3230
3969
287
6244
2402
2662
2286
4296
1952
6568
1223
2217
7781
4960
2182
783
8510
1224
1586
4644
1875
7249
2289
2424
690
2948
8849
1285
4964
1391
1363
2186
297
1356
9145
4369
2489
2564
232
7506
4848
1507
8851
9349
2664
8449
2104
6312
4737
8950
1769
9734
2136
7768
2804
2881
2919
8422
4384
9766
2567
1840
1682
4648
1547
2278
4928
8542
964
6297
4169
5325
2837
184
9802
2624
2464
1913
2642
1908
8204
5529
4338
5936
2424
1243
2621
2707
1766
8877
2915
1866
3226
5909
2664
1109
7670
2567
5598
9454
7299
5710
3779
1272
550
4842
2210
4779
4927
2534
236
9303
1768
8716
4265
1906
286
9928
2326
2815
6194
1471
2714
1485
8637
9953
9485
3147
5441
3111
3601
2887
5420
8985
6365
9976
8928
2246
5966
2899
2500
2748
5161
3621
52
2898
2403
2195
3729
6805
1957
5257
1307
1931
1408
3205
8979
5731
6487
228
8468
2640
6402
2656
9745
1663
1561
534
2229
4541
8954
2567
8134
1807
6531
9402
6918
8792
145
2932
8681
2994
2557
2372
993
1671
2774
51
2108
1120
1117
8885
5959
2611
1733
4989
9580
1668
9226
5391
2215
2763
1398
1939
8820
9314
235
1847
2226
2365
1777
8477
2425
2541
2762
1709
6268
2887
2878
2836
5852
5886
1578
89
2987
4185
4590
1551
2872
9536
1382
1264
8459
7625
1808
2151
9265
2151
1278
2351
2207
2248
9189
9419
5311
4275
2750
669
2808
8318
2220
5894
3521
9382
396
3976
1264
7979
835
5384
2638
1512
312
2130
3979
5959
2705
1400
8460
9872
6183
83
1925
3161
8876
9887
5173
1997
3565
9564
8905
2723
1883
560
2176
1310
1323
8626
1742
551
6991
6862
1231
4897
2407
8191
1619
5950
2946
4601
1127
6781
2562
9618
8714
2724
2277
1339
2934
1887
5630
5126
8794
1301
5620
6564
1149
9104
1901
4476
5108
2303
5202
3616
593
2708
2625
6554
8870
3440
1456
9893
3399
1297
2573
6397
5272
17
2589
9965
8466
2363
8993
2962
2211
520
2832
1760
1960
8439
9687
5148
1349
513
5446
7194
1221
2453
2182
9970
1986
1124
5784
5681
1181
1746
8711
5755
2248
1248
24
2132
1420
4853
4684
1932
2108
4680
9886
1872
1164
155
4657
2697
6195
1871
1626
1934
1927
4927
1831
9409
6156
2175
2767
21000
6156
2566
8667
27
9655
1440
1987
6126
2470
2876
9397
6805
8487
1539
215
7412
1345
1303
2489
8172
9747
8225
2715
8714
2563
6451
6946
9610
2443
8659
8286
1609
3879
8540
2619
2726
140
4223
1144
9295
187
6104
6228
4564
1485
4782
5363
2402
8934
3140
697
2563
1897
2977
1917
6705
1904
1993
6358
943
334
8430
5251
2579
2443
1767
248
9735
1569
1240
6596
2675
6685
1353
1857
1526
9693
2271
6225
2753
2503
2765
2176
6766
2678
21000
4488
6408
9298
6367
6962
2674
2711
2660
8543
2431
2887
865
2897
2919
9170
2576
7776
4792
1666
147
6758
1360
1269
3133
6248
6601
9900
1748
2848
9312
2531
8763
2774
6272
2467
1198
4173
1753
6340
8138
3267
1365
6825
2307
152
2841
6119
149
2312
1582
9901
5893
2359
1130
6132
7824
5280
5962
1930
2842
9457
4434
63
2369
8812
6125
1877
847
19
2285
1265
2641
2870
5998
1353
8841
2534
962
1761
1607
1857
3993
655
9978
6563
9589
6712
199
9196
1811
9412
8112
8277
6411
264
1498
8861
1991
9441
8389
2547
9437
2145
2748
1496
1554
780
9883
2450
2941
8738
2260
276
6933
6870
2387
1552
7655
2151
8626
2805
6343
889
832
8323
6118
9644
8975
8993
6614
6357
6961
2590
2869
683
6341
9572
416
4526
6896
2372
8352
2103
9976
2906
8432
152
6709
243
1962
2611
6692
1351
7438
1944
7295
2954
5659
1164
2832
9382
6586
9666
2109
2130
213
8145
2861
8551
2693
6925
6711
249
8913
4167
210
4679
2714
2986
6603
2494
6117
1687
8118
2450
6522
1200
278
3990
2660
5335
527
9671
2121
6423
250
1136
2684
2452
9996
2368
6981
61000
1388
1792
2320
2677
1912
7533
923
4642
94
1190
2217
1677
9541
7815
2336
1462
1649
1287
6821
6850
5111
275
1391
2581
2454
1244
1396
4127
1199
2176
1867
6607
6640
6767
1520
1809
6436
9187
6418
3802
6850
6771
6879
2833
2656
1815
9678
982
2943
826
8713
1898
1215
6517
1910
4762
4579
6790
2480
8475
2758
1141
2501
3412
9783
8118
4484
2128
8923
8320
2875
4866
1169
8587
8462
325
3607
1500
662
8174
2265
4585
8887
280
6615
2932
4525
9254
8618
2778
1230
6291
1273
8436
8451
5541
2819
8573
2416
8127
1190
4868
2560
2817
2840
1528
2149
6852
1356
2115
1899
1369
8565
6153
9522
6268
3166
2523
8550
9524
4493
2702
9119
1971
6277
6997
8670
9217
980
8450
8468
8229
7902
2368
8653
6368
9676
6708
6148
2839
1535
8407
2859
242
7805
1573
1578
4440
131
2973
9708
1850
2602
2811
9374
8934
2709
1781
6747
8366
9536
1889
151
6142
4915
6174
9743
2741
135
145
2581
1827
9205
2804
1649
8945
9818
6305
8409
8804
1158
8368
2790
1136
2581
9464
8633
3204
9261
2706
2726
7187
5140
7735
2633
2713
1235
1194
4460
219
1200
8162
8213
7700
6791
8321
3880
2218
6899
7260
8873
7192
6301
8638
8351
7207
8707
2298
252
2986
6824
8805
793
2576
2973
7375
2343
4365
4293
6977
6399
1477
28
1997
2773
265
3486
2314
9654
7461
3772
158
5803
1287
2907
2912
4897
1459
4923
2600
7201
7736
7384
8906
2701
1439
8318
2593
2493
9936
1586
2899
966
9732
7560
8488
1479
7442
7345
7885
2683
1859
2484
2717
838
3765
2111
2847
7874
4891
7875
2156
8440
2319
7133
1823
2640
1776
196
2564
7899
1118
1994
2686
185
9165
3814
4317
134
21
2573
1635
2924
2853
1303
1875
1484
5490
1712
1252
1175
9810
7248
1910
8260
3963
3152
8459
1921
1243
4559
2199
6884
3266
2657
8780
719
2861
296
2925
1387
1457
7744
2680
1247
7203
3132
291
9710
7815
8607
1509
8649
2785
6882
7402
1665
1392
2615
2676
1431
3769
8675
1271
7489
1611
292
2830
2878
2228
7687
7228
7554
2589
2943
1119
1146
7644
7806
8727
4312
7253
2145
2759
2769
6748
1563
3267
9263
5964
8794
2423
9914
6166
7304
2677
7520
2698
1292
2893
7297
1365
1665
2875
7473
4519
7383
2377
1524
8832
8839
7197
2643
1811
2363
2490
3893
2863
9888
2137
1188
74
2655
7298
7770
2233
8308
7877
2411
9237
9611
1282
8443
849
5136
9119
2773
2456
3983
6987
8918
2221
2592
2109
4844
243
21
2931
7712
2843
1481
2265
865
7820
2754
2449
280
9461
2516
7555
964
8802
4425
2610
2831
6974
9960
15
6179
7824
1518
8166
2325
2909
9345
7410
5225
839
1910
8233
7440
7789
9284
2267
7111
8826
721
2687
943
649
7401
2147
6406
3297
5905
7169
9433
8746
5901
2731
3531
8977
2217
2993
1899
9744
9316
190
1679
478
8664
1169
8454
844
2608
2262
2308
2923
6820
9553
8189
3175
1696
2802
2748
2276
4270
2877
9165
2620
8445
1712
8642
2345
8325
8417
6909
9867
2216
1683
6635
2271
2169
1940
2880
9657
2113
1892
2951
8357
1378
8213
3446
8942
8102
8343
6773
8806
4227
8322
2218
8667
8554
8348
2769
5631
2452
1604
8673
1261
2183
8419
1917
385
8621
1415
2853
2786
8429
4397
2452
6527
8129
8532
2657
3779
7117
8617
2774
9487
8863
8452
9759
8290
8741
6381
2515
1813
2595
8921
1181
7561
2928
1568
8195
5598
7266
4774
2136
8456
82
6315
8334
8334
9914
2644
8993
8257
1145
2366
2246
3520
4432
8319
8299
8776
8891
1416
9875
2221
2134
326
2985
6429
2306
2701
1296
9400
3459
3753
1288
5944
1569
2273
2551
2223
8406
2144
2437
8474
2124
1126
8706
8247
44
1421
1354
8470
1262
9654
46
9439
1621
2216
2663
5194
180
4872
1281
9594
1757
1540
9188
2448
2199
9729
9591
8264
8551
7753
1159
2102
842
4194
162
2939
9188
2518
3781
9757
3594
6975
9756
1471
1477
1713
1222
2832
6386
8510
9633
2634
9826
1180
2450
2556
948
851
1836
8969
1590
6530
8583
8680
8272
8111
2662
850
8731
8956
2645
8430
2671
8399
2537
6905
8991
1536
7789
8960
2568
3440
25
9924
8223
2348
8620
8382
2499
1864
8350
9614
3406
8714
2799
8857
4292
2897
3979
3983
6964
6714
2620
2782
8460
1384
8960
2571
2769
8382
812
1639
7386
6342
654
8384
1894
2594
8496
354
8737
8765
2398
1897
838
8711
2105
6312
8504
8609
8383
8879
5110
1475
2128
2244
2442
1472
2250
2748
6349
148
8400
7366
8661
1141
9719
3133
5118
8906
1175
176
9536
1774
8664
2619
2218
1651
2840
8676
9369
248
2873
2669
8655
2211
169
1795
8547
9917
8762
2610
2960
8730
8105
1807
8241
8255
113
278
261
8119
9546
7362
2471
620
1879
8424
6260
1886
648
2641
341
4451
2375
850
4824
6759
1535
8477
3361
2681
9843
2752
7477
1394
2853
2604
6856
919
810
4649
1720
2827
1435
2309
8176
2784
2338
292
9864
6357
1842
1545
2147
6619
8370
2505
2654
1966
2520
2624
9556
5488
8312
5985
8790
6685
1460
1579
8139
2350
1821
494
8483
858
2235
8565
8808
1107
4334
1442
831
8473
819
2683
2514
5635
2499
2491
8275
8257
1552
9817
1677
2389
8330
6760
8834
890
2347
4437
1118
1686
2498
1746
9319
6589
2223
6540
8681
9866
3270
235
8986
1166
873
8724
2562
829
872
4697
3973
5136
2661
8335
2458
2436
8226
2995
6722
83
2276
8338
8369
1508
8864
9249
1198
9760
2887
2912
8702
8885
8153
1381
837
2968
8768
9559
1232
123
9399
9186
2509
1248
192
8123
8818
2163
2489
114
8951
1420
2577
1489
2700
2128
135
5201
562
1337
8808
1636
3832
7768
3398
2558
2125
5246
8501
8873
1995
8105
8534
4323
1861
8298
8515
2646
1519
9364
2400
2582
2944
1286
1597
2365
3868
1528
2965
8398
8215
6774
8443
8894
8632
1431
230
2969
3889
2230
140
2773
112
4297
8719
2387
8459
9143
9851
8253
1410
9245
13
890
9949
4596
1318
9747
2233
1961
2222
3801
1131
1360
8162
575
2349
837
1675
1635
8331
889
1290
2168
2718
163
2143
8396
1963
5353
1695
1619
8978
8535
2557
1356
1618
2307
2468
9609
8968
5688
8209
1199
8754
8721
194
2984
2266
252
7989
1574
1889
1782
8705
3646
8549
4799
3940
2565
8103
1386
9298
7996
2586
4206
8440
8379
2959
8946
8769
2608
1821
7697
1509
8310
6940
7769
9910
6283
8106
1112
2794
8386
4971
6294
2576
8265
245
2545
7293
8722
888
8915
8714
6914
8562
8724
2506
8126
8554
6933
2155
1735
9568
1568
9760
8724
2875
1467
1672
7689
2940
2216
8613
8397
835
2849
2148
1620
2361
8434
8539
8952
2100
8980
1321
9216
8885
2947
9568
1422
4525
7537
8639
8440
3511
8331
2253
1933
1269
5694
9576
7776
4569
1756
2456
2883
2207
4584
4286
3152
183
149
1848
1670
9618
2260
2751
3295
8377
9160
8384
1428
1156
8582
2158
8402
8292
176
2886
8767
2771
8822
8896
2351
9986
2232
6573
2132
2741
2207
8124
3624
4160
7664
3721
2811
2240
8416
8189
1402
2826
8887
1808
2339
1711
1255
8141
2748
9627
2190
8220
9597
1981
4629
4259
4784
1494
6713
2431
3390
8216
8440
2634
8754
8907
2991
872
8738
8920
9254
6390
1394
8371
8579
3605
8233
125
2832
9832
8695
4164
2982
1188
6742
9910
8490
9788
2986
3674
2444
4486
2592
8527
2806
4671
2374
8310
8824
1644
2407
879
1690
2458
2205
865
272
2994
8762
8289
9303
8832
2597
4499
2701
2272
1300
2380
8791
6893
2324
9707
1372
1387
366
892
2585
1193
2159
8379
8579
8896
3215
9740
2986
9521
1920
1340
1830
6856
9309
2964
1721
4129
2596
9839
3912
9837
8609
2454
1555
1899
7153
1555
1345
8160
213
2363
2790
1842
8465
5900
4113
2681
8557
873
8863
8104
1735
7499
8899
1912
1664
8264
2595
2123
1293
9480
2809
7984
1993
966
8881
9120
1607
4868
3598
3631
2229
1916
8491
121
8287
2233
1621
8452
146
2653
8893
9731
8530
1865
2829
8247
2931
9776
3240
8994
8978
8827
1815
4200
8746
848
4437
2760
9580
8758
2821
4433
6162
6405
120
5590
8598
1351
9863
4201
8164
859
8368
260
274
5980
630
9228
1124
1743
1502
4927
2264
877
8423
2132
233
1588
2324
287
1456
2294
262
8214
8113
2661
8916
1927
8636
8100
2220
1725
8105
1379
8959
9739
2442
9502
2657
9576
9210
2369
8750
1270
2708
9223
8216
9213
8661
8471
8235
4936
2458
1310
1343
8518
8813
1835
2618
1449
8611
2870
8661
1214
8924
7574
8418
8942
2978
1570
1862
250
8833
650
9315
1118
9533
9475
1249
8155
8589
1182
865
4424
2727
5105
2309
9617
1867
9873
8336
2383
8311
8442
8846
2476
8970
2417
2960
4984
2613
3517
8932
2817
8654
2530
1435
6329
2863
121
8671
2261
1970
2116
1455
4609
8546
3325
2517
2909
8329
9414
1662
2995
1326
2860
1447
1112
6893
2722
2731
8437
8573
8408
29
8967
7906
71000
5886
2611
8542
4509
9337
2514
2719
8559
8702
251
8866
2509
3947
2620
1700
1456
2591
8267
6498
2696
233
1760
3375
9551
2982
8353
8453
8805
8425
8589
2272
2228
869
1251
8671
2193
790
2578
7716
2977
4149
4535
5275
199
8310
2524
2770
423
8543
2632
9832
2651
8713
8723
8542
9262
2274
8656
2877
1538
1297
1424
4356
1586
4833
9605
3209
2563
8141
1486
2330
2805
1785
8313
8220
8556
8220
8812
2468
3713
841
3821
8450
8826
6452
7963
2972
8148
2458
2322
269
8582
8329
1450
8682
4942
2205
1393
8496
6876
9708
2942
6744
8664
3630
1361
1792
5937
5709
8665
2935
1379
5772
6927
2637
1507
8857
867
2592
8494
4611
1725
1463
125
8192
919
8299
8289
4777
8720
1309
288
8147
8521
1374
2342
933
2996
9460
8461
2674
818
8680
2917
2110
2247
2628
2376
8730
2921
2662
9580
8884
842
8541
1752
1520
8168
9758
152
3172
8943
211
6407
6931
8805
959
2910
8973
2813
6506
2712
2352
3491
3816
2651
2564
1251
8542
4933
8153
4551
3858
123
9969
1128
8118
3475
6450
3191
2838
813
9126
8803
1860
1254
3426
8494
2916
8744
2969
2346
4741
1749
1372
1196
2281
358
8927
2529
2903
2783
2952
1437
2129
894
1387
8524
8509
8745
8464
4286
8570
1784
1879
2547
1295
932
512
9389
2381
8260
2960
8960
2412
7718
184
3595
9177
2928
8912
9523
1177
1529
3785
8771
8740
94
8102
8973
8109
8691
9517
2701
248
8336
2961
2285
2993
6929
8913
235
2399
1916
2318
6921
6526
1188
278
2710
260
9968
1173
1232
8471
1762
841
8886
8852
5801
9585
3650
1311
6469
8746
223
1614
126
3704
2980
2278
8737
2805
910
8473
1166
8105
2594
4863
4798
158
3400
8688
9572
1129
1899
9189
8903
1795
2994
9507
1248
1236
886
8288
214
2798
881
2723
8610
2723
9659
8856
8327
2982
4640
8207
836
8598
4604
8776
9121
2373
2594
8766
8989
6457
8828
3451
3984
9984
8501
214
8180
87
815
4805
8744
831
5274
1652
1832
2715
8518
9534
8142
2250
2325
8715
8733
2862
9984
1904
7271
2982
3108
1206
869
2356
2594
9983
2479
1511
8312
8624
2944
2652
8593
9271
170
1124
8858
2609
880
298
3775
3751
94
3151
8340
2231
2782
2817
8531
8239
161
1943
1690
8183
2743
3581
8917
8560
962
9487
1456
8465
2491
8323
2844
8538
1528
5744
2140
4759
3641
8188
8417
85
4737
2477
8257
8198
852
5462
8926
6327
2743
810
2388
8354
1304
8249
8145
1516
1508
9165
1467
8697
5481
8299
2225
2137
1619
1922
8847
6365
4773
2569
8250
1997
9435
153
8800
8937
1997
8256
8386
1306
2428
1156
1425
2993
6619
8412
2299
2551
1147
1275
7874
1154
553
4864
4934
7886
8564
7239
3102
4518
9706
870
9777
23
2299
2180
972
2375
8784
2691
8252
8318
3261
6459
6915
5147
2129
2344
6666
8191
3408
1311
8771
8117
9484
1369
8889
3299
7878
2174
2587
8544
2884
1304
8455
1728
2627
8817
2921
5853
9719
2566
2204
1854
2932
1817
9117
1899
8793
1946
1374
8396
1410
8295
2383
8152
8421
5433
5555
2583
9237
9769
5283
4806
1782
2379
9158
1428
2964
9104
886
9734
1785
2599
8812
2702
8492
1725
6139
1869
9747
8287
2446
9432
7940
9152
1961
1335
96
2296
2983
8461
5634
9521
9975
1887
2892
2690
9841
4539
1687
2945
2141
9487
963
9751
1576
1544
6498
8317
3263
2391
4245
4135
9121
2102
3923
8180
2988
1118
5156
2197
1388
4434
2793
2471
4618
1239
9994
4934
7285
8364
171
2472
8254
2278
1496
9683
9566
2459
8808
2130
288
9214
3626
5917
247
966
9163
265
6988
1570
8758
9882
9211
9859
279
2704
9718
2631
8395
72
6424
9367
2818
2149
8776
2829
7834
194
2115
1565
554
627
949
952
8813
5911
8261
2940
4730
1310
2570
4148
4698
9183
9166
3780
8281
1352
1227
4898
1395
9365
2766
8708
8522
3828
8417
8856
7597
2699
5393
2944
7772
811
8899
9169
2110
1632
4897
2151
8743
2509
9498
2622
2480
2141
8763
2239
2632
2655
1544
2944
9417
9139
8170
1124
9743
2483
1817
8303
8917
9256
8641
696
2739
571
2549
878
8762
178
3864
2222
3536
955
2232
2366
8864
4200
814
8992
9366
5541
5175
932
2519
2329
9900
2303
2666
5495
8972
1781
888
693
2243
2938
1950
8594
1338
181
4711
1398
9170
2969
5349
6333
9198
1685
6160
9108
3805
92
2670
9424
2590
6602
3978
2217
9515
9721
6637
1872
232
2497
833
2420
2500
968
9929
6283
6883
9983
8876
1924
4392
2461
8412
9543
111
1128
9562
3632
6415
9899
4936
3769
9777
9776
2900
2748
1920
2315
1311
2456
5339
7618
9431
1300
1778
2433
9189
6647
2149
249
5701
2574
198
8667
2673
253
8255
2248
9697
2951
9160
2888
2537
9479
2504
2163
8174
8766
1757
5802
2874
2850
8846
8369
4662
2318
2481
9187
3424
8950
2943
943
2888
2108
1724
2217
3489
1618
9342
1722
9389
8816
9711
2835
2859
2332
7957
3420
7722
1428
9213
1141
9577
1193
1778
4784
8540
8940
2801
8712
1311
1166
954
2192
1861
2925
9305
9513
697
2800
8469
9206
8889
3136
9963
2536
8742
2397
1703
9633
9427
9423
9476
8294
5974
2101
8331
9922
1581
8264
8284
9130
2144
2247
1278
3952
4285
9122
8834
2286
6817
8479
2657
1739
1101
42
4220
2862
9656
2706
2973
9260
2685
9601
2610
9131
1210
8871
6124
2446
2697
1777
2933
2856
9772
2201
2429
9438
2256
6119
1780
4983
126
2860
6748
1368
2643
8218
7925
2380
8917
9247
2541
2638
2572
9678
9334
3759
8173
1159
249
1811
2532
1289
122
8972
5171
9552
2489
1344
1704
4977
9699
2769
1677
9737
995
5932
9272
8166
2504
180
8364
1958
9342
8378
87
228
9225
1680
4810
1650
2786
1365
6253
9799
8815
9672
4889
9576
9214
6482
5720
8709
2825
7990
2761
8294
947
9354
9835
2721
8800
4686
1478
1710
1228
2174
5891
49
897
9373
2822
4607
3377
9544
6310
8862
452
4373
344
1818
827
2693
4709
4853
8485
2252
9440
2428
1183
9953
2197
8106
7225
8693
1681
8211
9691
4328
2366
9387
4168
9111
8187
625
8137
2504
2801
9786
1283
1101
8809
1934
677
9527
695
1286
876
9905
1719
9187
5566
2306
1342
1588
3452
9578
1127
255
2822
9654
5645
2316
2248
9386
7526
1283
2568
4712
3690
1510
9748
434
9743
2541
8525
1829
6812
1856
9822
2315
3385
1255
256
6374
867
2621
8364
6118
5799
8938
5632
9304
4361
9570
4412
9112
9487
8574
1921
8982
8530
1649
9705
279
8721
827
1437
6686
8829
9183
1372
9972
7546
2215
2905
2816
2900
1308
4527
9770
3690
8390
234
29
1723
2171
8746
9928
9691
2758
1478
2988
2706
2466
1991
9967
2136
164
244
4417
2490
8154
4546
1554
2496
1900
3565
4622
9893
6280
8981
9409
4345
3802
2783
2190
2297
1156
2565
2654
8932
2508
8399
8469
194
8151
64
8313
8609
9166
2871
8387
2862
8412
6467
3672
2644
2327
2758
1848
5530
2776
234
2241
9381
1167
2413
1302
2484
3315
2594
8211
7448
2346
2403
1577
9464
3285
9652
9820
639
2551
2817
160
228
3762
2561
9344
9264
9267
3366
2731
9693
8132
6553
8647
9239
3309
2624
8709
8479
2327
1530
1763
1114
1324
9114
2779
2515
5338
6778
8717
141
149
8729
297
8115
8357
249
2887
9874
2615
1197
6690
2274
9103
238
5343
1913
3814
1212
131
2659
2955
2974
2819
6934
9494
9957
9951
1651
1560
1918
2651
822
971
1262
1821
8620
8461
9920
3183
5570
2632
2822
87
6981
3899
1779
6515
2394
2480
8366
9253
978
158
9845
6136
4981
1474
5248
2572
8672
4946
3864
942
2332
1447
2142
2809
2900
3758
167
7333
1696
8177
8829
8637
2595
8216
8784
934
9489
2582
3185
3766
2260
233
1833
2893
9161
8114
8832
6845
1893
1505
1865
2826
4411
8590
2299
9322
2947
2521
264
2776
3634
9773
1227
2310
9661
9433
9436
1437
9327
1879
3854
9278
2803
8439
9627
4174
9184
2494
9783
2706
9619
682
9137
1902
2495
9245
2795
2111
8837
919
8246
2431
2633
8485
8325
1580
7903
2164
9491
2497
6498
1735
3651
2404
8639
1666
8647
9615
9822
6823
7740
9737
14
8689
1954
8109
8349
4126
8976
8753
1576
9189
1683
1767
1145
2490
2486
3236
9632
9550
9664
1231
2629
8548
8221
9405
4289
2227
9521
6948
2763
9227
6662
2653
1758
855
2291
2865
5737
1241
2547
192
5442
3647
1151
2966
931
9810
8120
5587
2714
899
2153
2110
7592
6767
819
2945
6827
545
1946
3958
9967
8902
1195
6609
210
8680
9862
6834
1489
8200
9946
2908
3437
8345
1822
2177
2479
3993
173
225
9594
6665
2833
3445
8440
173
9761
2731
9560
8511
1451
9157
8986
2595
1572
2417
9995
2591
1167
876
461
9692
2897
2855
7731
4101
8254
9751
912
173
8247
1712
9228
9967
9279
2942
8410
1631
6263
8105
9811
927
9855
381