731
7646
1148
5923
2708
6254
7376
3153
4609
1780
8408
9466
5545
2503
1658
8528
6126
6769
6588
1160
9852
4575
4371
3321
3520
2193
9809
3154
8510
1350
6993
6360
5237
2240
2638
1402
5857
6156
1170
3305
2947
3258
1259
8668
8559
3446
8836
5616
7237
637
8753
1784
9625
6263
218
5443
9215
833
2913
8862
8222
8497
684
7625
7693
1618
5633
1243
1508
1557
6799
3603
2282
7599
1651
5849
7201
1230
1605
1361
6233
7740
7783
165
6861
12
9554
6373
129
4626
2140
1653
9570
1739
815
7462
7835
6865
6451
1388
1364
6765
8487
8514
373
6952
3582
8941
2380
8274
8831
5631
3484
3538
9961
5498
5247
2249
2276
2633
3522
7785
7112
2691
9456
8748
9520
655
395
664
6974
5166
1586
773
4869
275
2416
1189
2474
3935
2522
5134
7883
3564
8511
4430
7247
2237
4693
9669
161
3453
8495
3484
3427
1712
1728
1424
3783
6462
2864
2226
878
2702
8385
1579
519
4358
1134
6715
6943
2894
9705
2713
2181
813
235
2281
1190
7702
5439
1399
8357
6447
9272
5446
1553
1859
5532
3190
2614
9502
1462
6699
2424
6908
2434
3919
8382
8105
8555
1997
3654
9937
5587
5447
4823
6501
2241
3836
6370
4843
7799
1170
3999
3440
9813
7107
3472
8847
9192
5438
5700
817
294
3148
3421
438
2927
8106
8563
8931
2440
1724
4866
3641
4550
3457
8717
8244
3675
9147
6258
2205
811
4420
9485
1899
2720
2646
8634
3159
3521
1523
2144
3705
9221
6215
7906
8272
9714
3399
9118
3125
4471
2552
4898
9602
8287
5668
9868
7343
2880
3920
4862
5175
4758
6135
7973
2362
8972
112
6836
7798
9990
3349
7413
5233
2835
8701
3205
4606
6875
1437
5557
8915
9653
744
193
6791
9442
9541
9433
2167
1539
9396
322
1915
5147
4787
4918
4723
8308
5513
817
4833
4722
8862
4658
454
9411
444
2272
3919
7953
2526
4790
6968
1110
9250
6364
4335
2237
5203
5460
644
8214
3581
5234
8457
453
638
4985
13
3485
412
4303
3378
4912
2461
6363
7118
4907
8900
871
233
1705
4729
4742
4689
4656
9281
5118
4620
1447
9608
912
4844
8932
6678
4895
233
5878
3295
9149
2969
7538
498
7711
4824
7911
8780
3505
5286
8779
5694
3250
7277
7375
4979
6130
7346
3298
6646
7668
3240
8274
6918
9711
6133
825
5155
7231
2708
5643
2448
983
81000
5290
8385
714
2402
3490
5148
9602
8930
7813
7761
8709
9192
6791
5424
5811
4575
1648
4813
1459
9732
6789
3897
4710
8345
6425
5684
593
6931
4825
6324
6935
3872
1175
9679
6896
4748
8193
249
5130
4577
728
1473
9982
2870
1171
3895
4209
4337
7179
746
9308
9927
7106
5282
5621
419
569
7728
8944
3105
4905
5116
3888
7138
5580
4169
9465
5784
8403
4363
9172
9232
7441
8866
6226
12
8627
6164
1186
1403
4653
5199
5883
5432
6325
4801
7210
3733
5223
810
6647
529
6230
9841
5230
3407
6596
5724
8629
7294
7795
5533
1465
5746
922
6841
3670
7401
4269
6902
9305
6533
1343
2709
6808
3603
1482
6223
5689
8786
823
1451
8983
1505
6666
8681
4271
6517
6744
1882
4390
9615
6793
1663
738
7933
7991
4149
2595
3263
9343
1178
3834
2369
8421
1904
395
7335
890
9875
395
5900
7325
4133
3669
6487
4158
5817
3870
2674
9204
4589
9376
7104
6975
6258
6246
6239
3631
6349
6699
9937
3266
7704
8884
1583
9140
1860
2541
6691
1110
6831
8421
7741
9407
8964
7437
9432
3965
1235
5298
4301
5815
251
8316
5641
2254
6362
5625
4918
5307
6859
352
1468
7550
9456
7371
2486
3144
2810
9746
864
490
3455
8685
3778
7142
820
7880
1390
3279
4919
4520
1966
8421
2315
3141
5990
8354
727
4982
7851
7113
759
71000
7186
7843
546
6825
9735
5715
7508
8164
7972
3679
2102
964
7202
5155
2980
747
7118
1461
7998
6297
5682
7995
5729
2957
5101
9467
437
1589
8826
6173
2796
727
2985
1360
9371
138
1105
3940
5383
7270
9566
9875
6599
5801
2265
9554
2568
2523
5148
8904
4668
652
3161
9776
7787
1755
7212
5949
1275
6829
9930
6239
9416
5896
9154
1853
7177
8617
1667
9725
8100
849
7920
7635
1132
632
7501
6891
3995
7410
1237
1315
6591
7637
8433
1414
364
1679
2954
6830
9588
2682
87
6449
8118
4803
3884
6220
5528
8380
3926
1465
280
1933
1497
5744
9985
864
1134
1204
9522
2856
2656
4824
8966
7185
3793
3561
7608
1645
6204
8187
9771
4119
3448
3455
8288
9823
7121
7680
8546
6120
3371
8719
7558
3835
9352
3226
1640
1798
8778
1385
9150
4227
2194
7553
7196
8787
8957
3344
7237
5544
2320
8189
8437
5878
5722
3626
3573
2547
7479
7277
6678
9788
8599
1635
9270
919
1581
8554
7391
4758
5938
8907
2327
1631
1435
5215
2346
6288
3523
9204
7176
8223
7835
4211
2313
3238
8164
4201
117
1293
8511
8937
4855
6809
8767
998
695
6351
4386
9293
7768
6901
588
163
9980
5236
1786
4448
9929
9281
5719
8166
6839
5354
9508
837
3440
7974
9163
9776
5919
1866
9116
3400
5799
6580
9356
8820
7414
4438
9427
7989
2496
2314
2356
9537
9950
4427
6993
6986
6527
6678
3908
9638
8365
3496
9770
1730
7526
9225
7956
1907
8745
4157
8293
7792
5757
2793
3791
3794
5506
9611
4601
5487
9486
3595
4649
6461
3103
3968
972
8681
2254
6565
7774
5576
8531
9577
922
5135
6625
9673
4899
9248
1486
3998
9480
3380
8994
7792
5738
6898
5554
5522
6122
3554
3943
8771
5969
7712
3955
3204
9997
3700
8803