527
8968
1624
875
528
3985
1847
6250
8244
3986
5722
1499
3986
6445
3333
1441
2809
6493
822
1584
8325
2657
7183
1890
4596
3255
759
3963
9612
69
1751
2357
1369
7124
1901
1235
7534
9844
8860
5651
5955
7387
1827
4367
13
2715
5504
816
8512
2198
2696
1477
4419
6613
7395
4575
6595
9849
4129
2686
27
5992
1470
5737
1323
8682
9952
8693
3512
7652
1848
4945
1663
6473
9429
675
5759
7310
3237
4252
1244
8483
1746
8586
330
6924
6113
5415
6921
5509
8838
1645
5714
6207
7880
4407
4447
7883
4426
5291
372
1329
1366
3589
2425
1795
2716
4582
1312
1777
9709
1450
6121
4240
9730
839
5874
1226
3351
956
1289
7938
8549
5351
6788
8668
8788
9806
4404
9402
5956
4646
8354
4223
6790
8897
5254
2316
1849
1590
4644
8898
1986
689
8132
1312
2224
3818
1878
8129
518
1761
6520
1144
2367
2678
1962
6864
98
2801
3830
1724
8453
6418
4922
1858
1769
2312
448
6541
1442
8662
1353
8177
1611
5660
1860
5467
6259
7823
499
2136
9270
1471
1282
5734
4751
3376
2957
6746
135
2648
838
167
9161
1897
1338
7525
4601
6257
9288
8547
9393
2645
2899
1694
9347
8911
1494
83
1928
8361
4568
615
5347
8401
6434
140
1379
4546
1843
7227
3990
1453
3348
4187
366
7856
2936
1924
4464
9103
1685
6327
8150
4125
8296
5361
6351
8703
6824
4920
6559
3235
8416
7359
3904
1854
3398
3875
9546
1256
6220
4599
2480
8397
5677
4519
9217
669
6617
4864
128
4117
6963
7529
3495
4839
1776
4976
1955
1595
6900
4749
1179
1480
3386
4647
2957
1195
293
7766
9115
9191
4841
457
7102
1678
6785
6196
1839
4903
1657
7473
6798
1182
6520
1856
7144
2737
1761
5833
9355
3238
7168
354
6162
2594
7785
4451
2703
1876
7751
4733
6337
1612
7264
7243
2581
2226
4679
1895
1696
5821
6858
5124
7208
4446
6487
746
1828
8839
1195
8860
4283
9965
742
2840
8955
4862
9666
2831
6583
4106
1616
9730
4865
8701
1454
1294
8891
6668
8727
1594
3560
513
2100
6563
7484
183
6717
1759
8813
6857
5270
9811
5527
2212
775
3609
8246
5942
8323
7483
3914
4978
712
9911
4382
2417
446
125
4914
6422
7162
6248
2292
1835
7414
1231
7891
465
842
5649
5664
2848
7648
7154
5919
991
1579
1563
877
4188
1241
754
2599
8552
168
2102
1593
8269
1714
7435
3834
4884
6415
110
9621
4929
2789
438
7101
7144
4146
766
8802
753
5536
1740
5145
1720
1248
2845
4264
2291
4777
7601
1325
7586
2753
5314
3678
2860
1670
5885
8705
4721
6401
8405
3672
85
3412
412
5999
7141
6222
3912
6143
1802
6933
485
1505
3573
7119
6384
1350
7603
4923
591
7771
3699
6442
9846
7300
8105
1715
1363
5358
2845
1725
8818
8574
8618
6783
8309
7900
943
1414
1132
7634
9114
4185
3436
3545
290
4563
7232
6142
146
5356
1471
2528
3658
1834
6758
8220
9306
9787
1759
155
5668
1154
2309
3568
1390
56
9167
1553
4989
2944
1446
6261
5329
7362
5580
9695
2430
8658
7509
6143
9210
1344
4258
2628
2748
9153
3377
8840
8503
111
8135
61000
1908
12
4891
1673
9894
8655
911
4757
1480
5707
1987
2523
5311
2169
3148
2110
4569
829
393
461
1605
8710
5938
4893
1678
8103
3785
3243
364
9918
4336
3727
4557
4343
51
1933
1959
7750
1889
4424
6645
1180
8474
716
3519
8591
47
7167
9458
4345
6156
632
510
6538
1242
2259
7816
697
3253
2958
8473
3394
9541
9230
2230
8997
7405
4654
7933
7970
9205
6224
4563
1516
8159
91000
8504
8962
6886
9780
577
946
4306
6790
2698
7475
1736
9124
3645
1147
9958
8378
1969
883
2630
1552
1198
1434
2328
8770
5331
1204
4813
3773
1180
594
3149
3286
7405
3442
4764
6757
9779
8193
2714
5711
6970
6623
4611
8679
9462
1665
8353
180
8364
3476
2814
7162
9103
6705
4361
2860
6685
8491
5638
1904
16
1523
987
5206
1428
6467
5463
5610
1139
1616
1198
9221
6671
8234
9153
7626
4514
8398
1124
4379
7358
9370
4642
396
1701
9585
3423
1887
9659
9269
1261
1645
4404
4709
1966
7837
3799
1461
1764
7411
3418
1763
793
3951
3512
4348
5800
1954
1229
2776
1494
2750
4156
1413
623
4938
9624
3463
6338
4792
5705
4688
6177
6753
7903
995
2353
2126
5159
7337
1141
1117
3543
9502
6581
8588
5401
7413
6282
8866
2338
9814
3595
181
8684
4411
1732
8822
5128
4286
3428
8581
1675
4315
1736
9941
2976
9855
4975
197
2545
4416
4333
1956
3629
3908
6895
1302
7353
6291
3415
5788
977
3994
5521
6577
6223
9174
7121
7671
989
177
29
6231
490
9837
8994
9853
969
1239
1712
130
111
8652
165
330
2702
4868
6462
9135
1529
5825
5544
7307
3790
1807
2473
330
3331
8810
1472
6459
9807
6903
4743
488
5753
3876
2639
3154
1499
1501
1234
8685
9785
6163
6425
497
516
9414
7474
3996
3120
8357
7269
6264
5737
6233
4769
9342
1561
2647
1287
8886
159
1288
1591
7617
8776
8267
3424
3368
2689
1576
220
2865
1703
8191
1583
7719
5390
1578
3637
17
6703
9353
7186
960
1162
8955
7228
925
8535
8209
6357
5479
3797
6277
8481
4818
1988
9618
6340
264
5955
266
289
7818
2745
4450
1210
618
280
5960
8392
8427
254
8602
1553
3880
4825
1576
9795
2700
5791
7617
2935
4338
567
5284
2373
6336
3425
8925
6444
1855
4717
9276
2269
1795
5646
974
3520
3195
2666
3464
516
9911
5456
4338
5445
4789
1665
2820
8928
3129
8669
4246
321
2638
9656
3612
4372
1423
73
7982
9970
933
7115
4718
2804
6557
3659
1727
4285
7908
7414
2379
9527
8432
1749
2217
9831
4110
2233
9232
7490
1922
4411
3850
2101
8963
2267
7642
7254
6760
868
2708
7874
4661
3680
7631
2787
6174
6252
7596
2288
2844
1306
2902
8842
4485
6477
6818
5765
3866
5931
4214
4756
8307
5650
8752
683
2674
4190
728
6828
973
928
8700
9714
2350
1297
481
2212
2346
7494
4529
2815
4812
3259
4321
8982
2746
7482
2193
6505
4691
6555
9389
1127
1391
2549
658
3516
3107
7816
8221
2636
4611
8370
9127
8639
6168
7559
2553
8878
2526
6309
9891
3955
9567
6694
2442
9944
6355
1226
2560
2705
274
7395
2578
7378
1863
6793
852
8996
820
6264
4341
4558
6468
2140
779
2198
3850
9565
9744
5171
763
3185
1482
6401
3384
1824
3229
3497
1216
4202
649
7480
6874
3413
7717
4486
6592
2832
8221
9750
7258
9264
5826
9746
2476
2310
5303
2994
2640
3836
1896
741
4592
1608
1499
5432
1672
7725
9959
4555
7336
6985
2774
2220
2193
5734
7666
2877
2277
9871
1125
2209
4236
6762
8228
7982
5604
2782
9541
8607
2347
6340
6446
5755
6881
1370
9159
982
7286
9574
1383
4699
8486
2521
2715
8540
3400
8314
4630
8809
8440
481
2967
9455
639
1413
380
4864
9784
1337
9427
8320
6285
5719
228
9842
61
9711
8680
9974
7700
4303
6330
7900
4621
1699
5999
943
6148
9175
3208
1856
1785
8801
4425
3313
3683
8751
2642
3423
212
4304
8315
3402
2863
3741
286
4106
8435
9105
8305
6217
9650
7540
2712
2485
271
8725
3688
5448
810
1974
7856
2769
2879
6233
3437
1380
8948
3734
855
4906
5221
2736
6321
6386
5473
4663
5790
8696
9517
6185
5727
4526
3876
933
1316
7899
6817
4161
9371
1330
8770
6977
2441
2668
7548
2306
2977
9685
414
6269
553
2250
2227
1232
3606
1729
3829
2593
25
7244
9625
2133
1725
299
2273
3453
2347
1902
6232
2405
1287
7545
2206
4522
9647
4558
1689
2363
2906
6836
8826
1485
5478
1423
3202
2581
8338
4488
8333
2910
8641
6858
4879
86
9114
1446
6929
271
8885
4817
9992
9492
8744
3648
8627
1508
7600
2625
9848
1713
2997
2954
2236
9656
1422
6565
4828
2169
6697
5396
7264
6302
7757
6189
2977
4821
1993
7462
4861
590
4703
8718
9805
6753
4358
9160
5903
2516
5611
892
6169
9651
8661
1442
8981
9184
9559
8476
3166
9651
2951
6670
3590
9258
8500
2840
1435
2649
8472
3919
5129
9263
6166
2238
7180
5625
7784
8366
1490
3184
7837
8232
274
3530
5644
7854
877
3308
5595
7997
8480
7882
9310
3521
5144
8457
3809
2431
9657
4955
589
4919
433
6300
6636
5942
6898
2790
6902
8629
863
4953
6815
9428
8981
2259
4227
9824
3297
8717
7995
2583
2397
6999
9351
2985
9630
5808
7526
5640
1789
4818
6134
2808
7416
2537
1719
2361
4712
6462
4438
78
4126
4580
3879
246
9790
6506
2237
8339
2207
311
9169
9318
9401
857
5117
8215
2538
1477
6506
7309
1421
218
6127
2927
5445
7558
1501
9796
8397
7887
4713
3353
5216
7344
6834
9547
3572
7983
4980
9649
2902
9571
2728
2813
9401
6206
4800
7232
6297
6175
4666
5576
6821
2259
23
6110
3697
8632
4523
8568
8192
3878
8734
977
6395
663
4224
2212
9116
4821
6577
5102
3984
9435
7900
1116
2748
5212
5179
6352
2268
8717
757
7477
4975
3603
7882
3238
5619
1996
4800
6340
2730
2348
8193
647
2291
8422
4107
9547
5522
7260
2111
2841
2697
1189
5703
612
8188
1462
5844
931
9211
8971
3195
1292
7967
8152
5438
9674
9664
685
5719
2237
596
2126
2409
7115
2584
2599
4898
6489
3553
6849
6261
5713
3661
9363
6870
4723
4717
275
2438
1892
4797
6820
1544
7355
2726
2280
4688
2211
878
8246
2607
265
224
8349
3335
2492
2481
2726
5971
345
1544
5234
1684
7283
8541
6904
2653
9746
9717
7714
4804
4820
2388
2583
1848
4533
8445
375
8830
2893
5363
1627
4705
8653
2414
2248
236
6993
1959
2789
5439
5364
6632
7158
3433
1857
2779
3932
1671
7289
615
8444
4616
3467
8908
8739
9270
2412
8947
2232
2710
235
6867
295
2127
7367
6288
7592
2702
2653
951
2212
2860
2538
7360
2302
5376
9879
1789
5761
4612
2467
2357
4106
3186
2609
4504
2899
6384
5647
6463
2785
959
5458
1731
9615
3853
7907
4263
1847
4173
4705
9728
2568
7403
5578
9245
7537
3181
9929
6839
691
2874
2395
5173
2195
9590
9857
2352
2531
4122
6256
5235
2223
8525
3343
9165
2492
2377
1787
7988
8226
3190
4216
2863
4616
1699
7501
7452
5935
5370
2345
2128
8752
6224
2645
2643
2888
5556
5246
6805
3715
1865
6898
6676
2845
482
5303
8880
7672
1612
4370
3258
2285
2928
2410
9298
7270
5196
3450
1666
5578
2680
7357
6780
6207
6253
1287
9754
1764
8908
6902
6714
754
5845
3712
6118
3699
4749
3936
950
3234
3785
2375
1222
9880
5968
4546
6938
9988
9856
3747
7223
2903
5595
3270
4970
851
2275
3521
3133
5559
4249
6727
1865
3211
4484
3587
5749
3463
7236
7829
3549
6367
3575
6594
3253
7424
8908
8869
2901
6261
8454
3303
3393
4262
1712
5693
5615
3430
5584
5291
7261
350
6695
1864
4592
2461
6110
1666
6448
4768
49
7852
9247
2206
5733
6332
3785
8810
5105
3122
8271
3937
1782
8983
2252
6811
3123
9263
6569
6190
8328
4772
1502
749
9625
3497
7720
535
3416
3867
9536
467
3115
498
2837
3313
1780
7938
1101
3636
6522
8556
598
2441
8852
9473
8178
826
1360
138
8337
8843
8190
3520
3447
2904
317
9912
692
7816
4934
1344
3585
6505
2251
7962
367
6630
6430
9534
2365
7961
9127
8256
3168
3395
2132
3609
3567
3945
9710
9647
6528
3230
3732
6525
3446
8531
4923
4186
9908
3131
7665
9725
4941
5441
8620
5993
3141
3344
9471
6480
5558
6461
7260
1889
5936
324
8789
5597
6208
2327
3844
4559
9360
2763
4402
379
8251
7277
3364
3252
4996
9686
3118
4228
3556
1562
378
232
6631
7371
2122
6390
3472
738
685
3412
3535
7121
2651
3646
8797
8766
9309
1891
8246
5358
3209
1787
6853
4896
2786
4567
2675
4719
9923
5798
4919
5361
6194
718
4101
6178
6589
1459
2127
1858
7316
7972
5377
7555
8862
3473
3230
8261
7883
7449
3383
5832
3132
7534
6556
1168
169
4526
962
915
7167
1977
8757
5357
2605
537
4403
3420
8625
3374
3323
5428
5952
5899
3754
8856
1286
8670
7965
2553
2875
9537
6120
6578
2430
5707
3828
6895
7693
5549
8133
9605
7502
3970
8634
7597
588
3466
7336
8208
4742
9730
3160
3137
8746
3517
4753
4314
3264
8767
9680
158
7695
4742
6944
9820
6812
5850
4843
6940
4176
3514
348
9101
1957
3541
1325
3337
9614
5873
3745
3543
6723
7996
1937
348
7895
251
5403
3565
6230
3854
6544
5314
7487
7235
7692
5845
3810
9377
9135
7810
1361
5824
1415
4950
8845
7232
8249
3725
3962
5582
3240
57
7950
4793
9378
9177
3753
635
5535
7743
7178
8951
3644
6928
42
5670
3820
6536
4636
4363
9217
8213
4181
9378
1302
4614
660
3412
6442
7980
7471
3498
7892
9444
8736
5157
6909
4431
3279
3538
4401
8702
9451
8580
148
2728
4758
1942
1901
1147
6803
6867
6771
3467
5428
3482
165
3588
872
8768
7692
7759
2824
3399
6386
6170
3932
716
1920
577
2401
9849
6126
3914
9312
856
7177
4606
6710
6642
4127
2714
968
2629
6809
1715
3549
2767
8251
3365
597
4828
1148
9388
5746
3863
6404
1510
6447
8307
4348
8770
5802
8995
8321
7324
9266
3340
3187
2875
5411
6609
5236
7608
9580
3917
2937
1168
2774
3483
9857
6893
3111
2425
1303
5851
2805
6456
4521
7369
3910
5279
1235
7174
1557
2698
6134
9684
5191
876
6573
8842
7905
4176
8557
9492
4504
7422
9253
3710
7836
9637
187
2334
9836
3509
4837
279
3141
2225
9386
6299
988
6456
3465
7137
4116
1173
3402
3473
3810
8698
9614
3607
3119
521
1819
2655
9965
8883
3628
384
6998
9485
3224
3567
7766
5499
5170
9928
343
448
8782
1592
4136
2138
2985
84
5447
1292
7665
1577
5252
8140
5169
3503
9534
9130
6403
3906
3211
9579
334
3182
9625
3653
5804
3286
1678
8104
170
9729
7599
569
7480
1564
8449
7810
9482
9572
82
4869
9684
5537
4762
6181
3764
1355
9935
391
1700
3567
7979
3442
6104
5110
7209
3434
3386
7499
6182
9741
3526
9707
7316
7395
8668
5973
5407
9238
3520
525
4197
3984
65
4565
7449
5901
139
1184
3302
5689
5602
4151
619
8314
3988
5896
3350
3157
3563
8398
1454
9766
6628
9724
2484
6155
3360
7475
4888
5294
7855
9866
1796
5789
5573
8657
4697
257
3842
7388
7568
5854
3520
2505
8742
2145
8857
258
4242
167
6150
2969
3839
4550
8623
3501
1917
3319
6986
8143
426
4190
317
2356
4700
9926
4360
3793
6667
4203
8987
3109
4857
3196
1365
7121
6231
7850
7181
3833
1681
7456
2245
3195
3160
3408
8967
7209
4749
4826
3445
741
8145
8534
5406
3331
9213
1319
823
343
2879
3765
2656
742
2817
666
6245
6339
6338
6893
7417
7165
4288
6833
7848
5783
5966
419
4629
9889
4626
67
4260
3944
7509
8254
5831
7919
6640
6338
154
1622
5359
9998
8639
7575
6617
3672
2361
2562
3117
3683
6333
9177
7987
414
2616
3658
8774
3544
1540
8379
7985
3655
9307
5300
925
4756
9869
2933
2233
3414
5266
1995
2257
9610
6700
8478
3867
2468
2905
7702
8591
8142
4229
2950
2489
643
3899
356
8957
153
4565
7207
6801
4424
8921
9365
1550
6910
1116
538
910
3154
8648
3699
1677
711
7365
8972
1899
9133
9686
2455
3141
4306
3587
4568
4261
3163
2731
1418
3855
6685
6417
2597
3648
7170
6254
5431
4546
9232
1189
3871
3517
3959
1166
3703
8732
4648
92
5501
2565
8694
1149
6653
7349
5869
5326
8658
3208
8590
9176
2138
2937
4891
387
7787
3558
9400
6918
2914
4260
7886
5953
8830
3532
216
2940
4938
4253
9436
1545
4826
5195
6195
6606
2250
7143
6883
1901
3961
4753
793
4197
3128
2819
8990
2479
3779
3425
3274
3511
632
1908
9276
3210
3123
9909
3395
8652
7835
6747
6390
7298
8964
2833
6971
4892
3582
8986
8443
7675
9803
9198
4112
2131
910
7844
7271
6459
7223
9197
9198
7270
2271
5458
5356
9538
1367
3339
5849
3245
8812
6361
6619
7878
9717
7411
8554
3116
3660
5222
8552
4775
7134
4285
4701
3612
2122
4464
3623
6206
3841
9573
6637
7481
9277
863
9347
7154
3626
8359
3594
3457
3124
1581
6920
3800
799
7849
281
9502
3287
6114
458
7246
2897
8130
7719
4918
9673
5862
4575
3631
4934
2633
8381
7434
3794
9805
6750
9804
7210
6202
9310
5162
5230
4726
9151
4647
3157
4848
1781
4717
1725
539
566
4662
1545
461
889
4786
9450
4307
4230
7206
9430
6912
7962
9439
7870
4724
2747
5851
5917
4681
9523
7271
9867
6205
9984
7328
423
5164
9375
1964
2781
730
9484
3170
6658
6167
4314
1463
4895
4365
6422
7218
5944
4349
6849
6698
6945
9138
6437
6980
6270
1241
4207
9975
4779
5258
7208
8192
4530
6435
6954
6677
9977
4758
214
4455
7517
6693
2799
3897
4614
6161
4739
5180
9473
8869
3443
2383
8551
4264
2734
9986
7275
7955
3992
8986
520
9384
4134
1561
7257
469
6652
6450
4240
8903
6175
3214
7271
457
3790
1353
3661
5328
5332
9742
2974
2595
3438
5683
7251
2110
9282
672
9400
5834
2344
383
9358
6931
1479
6709
8518
629
8499
385
6780
8502
8479
2375
4535
4531
4809
2815
2711
4539
4167
6373
2755
5277
4306
936
4620
2478
7459
5224
6785
4596
9765
2122
6392
6772
3510
4892
9519
2929
518
2682
4480
1866
6177
6841
286
4451
8735
9714
4404
5555
7785
926
5132
5326
739
4735
9258
258
5313
7976
9891
5436
6170
1784
2644
8344
3412
2257
4674
7883
8659
4804
9566
656
8115
8633
6317
7962
4855
8225
4241
2180
4583
678
7698
2504
337
3361
3850
8169
8388
4218
1364
1724
5634
1114
638
4371
8419
74
2320
915
7909
2644
8428
9853
7103
7227
2360
4102
6478
2534
7668
8641
4819
6352
1258
2713
1480
3818
2725
4334
923
4778
777
9731
4363
9585
8484
8403
689
1777
8537
6263
1141
6203
5419
2541
9193
1196
6327
6331
7309
5941
4690
3556
7800
6652
8461
4717
9258
9744
6623
1279
4872
8297
2635
8865
4211
5657
4620
6433
689
7285
4986
7675
6730
5307
9836
2269
4807
6802
8463
9740
6879
4970
4140
3883
4233
4898
445
2197
495
4706
7627
4233
1916
8260
6394
8178
6796
460
7526
4687
4329
771
6958
4255
6944
8835
8889
6737
8279
6590
4103
8718
3706
8535
9696
2954
1629
1950
5838
8143
4700
3950
9196
4153
9719
5838
8107
6395
1973
2558
5662
4196
6491
7245
5587
6455
7778
1985
9646
5254
2752
3414
5415
6991
4534
8632
4681
7894
8685
1865
4242
3374
7176
2345
4891
9686
4714
4452
4773
4461
8641
4932
3961
6166
8292
4144
5433
5617
352
2247
8960
8453
3727
4478
5513
2740
4768
1984
7283
6526
6649
4825
9712
155
1857
9289
4985
185
4432
9881
7320
1895
3844
3321
4215
4104
9952
6969
5248
4475
9561
4285
7303
4239
6976
1681
6250
1593
6721
5493
5730
1523
8524
9201
7989
87
788
6782
6892
5942
6901
6415
748
3212
770
9103
4710
3728
259
1824
6569
4194
8894
9654
3585
845
6560
8293
3298
7755
6144
234
8406
3988
7692
4431
1720
7203
1584
4623
5995
9432
31000
7936
3114
3471
8872
3325
1866
2697
6152
8749
6991
3634
1841
5856
4928
931
7594
6855
3373
4441
9950
9671
3888
9144
1363
5548
6391
9678
8278
4769
3843
1990
6920
9262
4106
4324
7860
6914
6873
7417
4306
3582
5500
4392
7873
3385
7899
1925
7585
428
2707
7635
4161
8684
8657
5503
2215
9485
2620
764
1176
938
479
1210
1976
3887
8114
4834
4882
6103
7187
8437
6591
6536
1917
5225
6932
186
5568
4654
3697
1354
1209
6611
4253
3864
6549
1146
3285
3783
8747
488
3109
8302
8238
4846
8937
1738
7693
4611
5553
9211
1747
8857
2414
9192
9465
153
4261
4116
2259
8310
8450
4659
4450
3574
8773
454
4370
3851
3654
3993
4695
5341
2876
9664
5724
5452
2756
415
9360
1275
8577
4672
189
8542
2351
4504
4495
3114
1228
7520
8178
4194
6775
6373
4877
4832
4497
112
7767
8262
5396
7610
480
8823
4516
1575
4551
6564
4646
3515
6687
879
3737
7398
3935
5714
1884
1407
4871
1946
8998
2870
6796
4251
6810
8495
4362
4252
4141
3375
7695
4570
4528
4274
7362
2510
4738
8263
3765
7740
3366
5222
5916
1375
6496
36
2657
4900
8206
4344
142
3291
3407
2530
2756
3674
3605
3292
6290
3105
1386
5255
5202
9708
8756
480
7167
5264
6628
6950
9768
5246
3595
4701
6374
4156
4319
5398
3557
5292
7575
8402
6184
652
8515
3565
4646
5286
490
514
4166
3803
2646
464
8771
7780
9254
8727
4703
698
8509
6484
9904
4286
6193
4489
5264
4126
8409
1451
3155
2504
2945
4100
2310
9430
3397
4735
757
8199
8199
6863
8950
5979
3950
4304
4686
3382
5495
4589
8156
817
6739
1976
840
4149
1228
932
1341
7978
4271
9841
9289
7992
7432
543
4680
5712
3921
2743
3468
9712
8943
5867
4686
4788
4373
5151
4215
4847
2561
279
8436
6668
1588
3447
5472
5719
3375
6163
3466
5359
499
3274
5956
1241
5527
585
1792
8284
5397
859
6366
6531
2432
6673
4649
1777
8574
4871
2900
1717
7317
8229
5219
2276
6731
8132
4870
7166
5484
1784
910
7858
4623
2338
9552
8254
9515
2723
1936
294
964
9420
7338
6362
7485
9998
537
4431
9264
2818
8393
3610
5672
862
4910
7370
5371
4546
4932
81000
2398
4368
3333
643
4740
1163
4222
630
5645
4675
9321
4563
2354
2334
9817
1775
8559
2983
2496
9190
4182
3922
6862
9435
1604
9523
9900
1212
515
7571
8770
9560
4374
9483
5427
4878
4937
260
3948
8141
3314
3678
6142
7557
2840
3424
3962
4580
442
5701
9723
2399
9532
5434
2640
3275
8585
6313
3496
7730
9406
4780
352
8596
3451
5375
2298
4970
8536
6840
385
8295
4178
3703
914
8704
5946
9612
2696
4396
6761
7883
7668
6469
7276
5318
7717
2334
1502
7646
3504
4258
6105
4306
6768
2354
810
1330
7712
6834
2514
2705
2519
495
8264
7178
7817
8987
2166
448
8173
1925
2894
9486
3684
4943
5695
5949
4460
6933
4758
2374
4790
8611
5909
3273
4108
7494
7703
33
4803
4693
6953
8808
1536
7151
3584
551
7150
7899
3412
1895
6622
8608
738
1330
4218
326
4826
4889
8570
2946
8297
7861
6332
7206
4243
4961
8812
4639
8343
4627
6110
2351
8376
4112
3644
7384
6610
4261
5440
8816
8450
1424
834
783
6104
6721
6173
9489
4292
641
962
3460
6799
2911
4151
4117
7215
448
8280
1466
4788
3571
1836
8441
2526
4344
486
5532
5103
2496
7919
4130
2765
9516
6784
9946
432
1778
8683
4448
176
429
979
9610
5351
3456
9186
9811
6165
4300
2411
747
1668
5280
4774
4732
274
4556
9574
8201
8272
2418
8891
810
5902
9951
7379
2283
6389
6626
4890
9758
5741
4700
1444
5348
9750
397
3651
5180
3444
5217
7184
3244
938
5650
5983
8309
1380
5870
8416
5647
8544
5272
9870
939
5737
9175
7226
7712
4815
1470
7462
2390
6159
7168
6771
9570
7762
1355
6146
3504
9382
4275
4100
893
5804
5593
4984
591
4139
5707
5134
1772
3951
5984
7964
5140
3641
5775
3723
5584
5203
3252
7392
3817
3650
8601
575
9177
6479
5732
8302
9288
5549
4387
3347
9592
4936
6990
5335
2210
7945
84
5759
5738
119
6748
4101
2538
3208
6820
5308
8168
4908
3164
2126
5698
8145
1832
888
4902
1691
8775
9930
6361
4265
2505
9566
3736
5865
1626
9517
7880
1347
5898
4984
7593
8902
880
7332
3173
1894
7707
5262
4665
7930
7781
5994
3354
5485
5588
2217
5823
7530
4677
9172
4517
5762
3230
2813
9313
5428
5776
129
5308
6152
4708
5306
6933
5489
177
9194
3280
7190
9844
5976
9131
5897
6814
3351
7599
6352
1908
6201
5976
5637
1657
2836
8677
5885
9449
5305
5247
3119
5290
7518
1298
8934
8835
6944
1291
4368
577
6126
9100
4502
9384
8121
6439
647
5216
769
890
2190
5130
3185
5120
9265
5700
7886
8518
453
6521
5331
5459
7874
7429
2494
8491
3639
4629
8920
9581
7687
7785
7103
1329
5123
9272
6467
5639
5156
5788
4819
4221
9772
812
2946
8257
8794
5332
5285
1354
6424
7975
4753
6927
290
9152
3980
4990
9784
589
9245
525
8443
1143
3325
8285
2647
4589
4706
5133
6539
6756
330
1943
231
3131
1930
7925
5307
2928
4541
1814
5982
1961
5699
6760
5979
5911
6977
5648
9894
9137
5810
815
597
5183
5903
9971
9960
5953
6629
9718
6335
535
3130
3774
5292
7159
2610
4417
6121
5729
2197
7796
6654
1478
3537
3131
2455
3682
7935
1526
7858
5368
6702
3452
9271
9638
7240
9808
7207
5892
4993
2144
3342
7123
36
5409
1464
7243
9278
1964
7590
3340
6608
9733
8674
7799
3723
8239
6372
9500
9624
4840
8162
2765
5947
3663
3681
660
523
5207
455
4689
5806
9861
5797
465
5851
7770
1873
6858
146
9827
6941
7263
3104
9612
9732
8581
7863
9197
7404
733
663
9397
8362
382
2192
6932
975
6738
4930
6832
7119
8876
4511
6625
1183
29
1449
2930
8855
4328
5779
5475
8256
880
1845
6460
5476
5889
3365
4525
576
6424
869
7662
5951
8177
5832
7603
8759
5309
9835
7803
5828
5245
8969
5208
6127
5372
5365
9784
5187
1720
9744
7470
8403
1760
6232
5434
5479
1746
3927
1628
8793
560
9912
3394
4542
3583
6606
5592
3177
8230
8668
5647
9270
1866
1120
3751
6319
1553
9909
9914
5461
2779
5750
524
5840
1594
3972
6607
6952
4815
9742
8143
4280
935
5467
8924
7105
6689
6219
8993
3981
7813
1865
5180
5727
2681
1876
567
5425
565
6844
3569
7398
8554
4695
3761
566
8902
8755
3630
9708
2888
8971
582
5138
6634
5467
3992
271
9112
735
6524
6665
5798
7686
5122
198
5304
9654
5442
3970
1616
7688
3920
2319
6976
5899
5839
259
5248
8274
9538
5308
7651
8777
7299
5392
5278
7597
7286
8138
2487
5533
2126
8994
1388
5549
1208
8355
5655
9261
4221
786
5773
5696
8451
5280
5379
1518
5930
6896
1609
6106
1455
8143
397
3492
4723
6799
5486
6358
5794
9430
364
679
9337
844
3475
6719
4941
8731
639
9705
5945
5851
6326
4995
8944
7762
8668
4603
6895
232
142
4755
396
1202
8328
434
9651
3345
282
7646
2165
7724
7595
4645
8851
2910
2114
5953
9533
1759
7653
4144
4780
9148
3988
2605
9125
97
3983
5953
8720
23
9908
1439
2486
3355
1208
3475
5436
8244
6295
5111
5730
5399
8359
963
375
8378
5745
4771
2476
8515
1759
2392
4254
5377
5867
8372
9116
9940
2121
452
5864
2582
9838
4210
4288
286
5647
9243
2949
5672
2716
8243
854
5650
5727
5492
3750
4910
6899
8373
9693
5496
3800
4383
8801
5735
5179
5698
532
9654
454
7255
8634
6873
7127
8985
8578
4665
4329
4462
8672
6176
7810
7864
3584
2706
5883
8223
7771
5739
5864
5171
5269
9854
6946
9828
586
5373
5276
7484
6471
3788
1357
9925
2701
6945
7744
2252
648
8811
9117
9394
7967
8644
5573
9676
5942
4550
3824
5241
3875
378
5600
1471
6237
7239
8546
9474
5837
6756
5344
3360
7210
6878
3479
6556
1721
4270
5601
6905
3515
8427
8992
886
9130
4904
471
4605
5603
6681
6470
3596
5271
1125
5765
8304
6628
8601
5347
5301
8687
8896
6986
6170
4899
1828
1880
9758
9317
9278
8259
3668
2643
3554
5849
7434
4614
9302
7240
8219
836
1759
3852
9118
5309
3231
2470
3100
3579
6775
8859
5126
5689
8671
81
2203
6428
5537
6404
7514
2705
380
8469
7997
7858
4251
1597
4660
9974
996
9997
6383
350
5398
3951
1523
891
5295
1264
1721
1106
5968
3147
4742
3509
2473
415
8530
7960
7145
842
1443
1194
8392
5555
9182
224
4186
660
849
3916
341
4561
5596
3821
3542
8408
1765
8287
4338
5762
964
5326
7477
7726
7637
3120
9985
596
4238
6443
9569
6689
5852
1353
9265
9834
3520
5506
5630
5352
9681
8991
3630
372
699
5829
8545
6823
8468
2478
9256
8248
5868
4327
8452
5881
7457
8178
2992
1529
8252
9735
5781
9407
7725
5632
418
8457
9150
4674
8585
3341
6571
2440
1263
8390
9130
7660
6212
7839
2142
7549
1279
8786
6696
3282
7294
8884
5159
1916
8580
1795
51
4268
8669
7929
7462
5918
9766
5642
5312
4305
8234
599
3275
5961
8779
1679
5292
8847
5328
2601
212
4849
5565
4866
6341
6365
6656
110
212
9622
6309
8884
5534
6400
1672
8145
4282
8312
4176
388
5935
761
6458
5346
5576
7614
1996
7743
553
7711
6615
5388
9964
5687
4480
460
2551
4940
1284
7761
9781
8937
9698
5504
7236
4504
3390
5988
6921
4683
7724
660
3237
4317
2931
5260
9640
2901
3221
9721
7755
673
6672
5760
6603
4352
2549
5527
4346
4869
6529
8631
6845
4108
8729
3458
6662
35
9582
6795
7112
4292
6347
8231
9938
7503
7958
926
3757
1430
457
6165
4427
4247
4162
8455
4375
9714
14
7529
4842
4270
3422
3677
4525
2165
8640
3692
5943
2640
7845
4800
6672
6984
787
4274
6362
6416
6377
7923
9850
6539
9632
6370
9416
6697
1302
6838
1553
9743
1797
7832
8613
7575
1666
649
8934
612
6241
6139
4289
6316
6681
8167
1791
8853
8643
6882
7936
6848
1103
2362
3193
1464
1591
780
6240
6967
1353
5390
7248
6523
3467
9388
6386
1956
6415
6872
2680
5949
5113
259
3135
4917
1872
3204
6990
4727
1960
6677
6125
429
6472
2734
6260
3283
6183
13
8118
4318
7749
2933
9358
6703
6431
3335
8412
4693
6819
6647
2609
6643
8166
6494
6234
32
729
6643
7197
4876
9206
8419
663
2151
61
5507
8172
8163
9604
8353
915
6973
3692
1690
7274
5636
6502
8150
1455
9639
8604
6424
4369
6865
7380
8157
8961
7285
630
7933
3831
3212
3159
6146
8402
6233
4400
3726
5562
9543
6377
7513
6898
8755
7571
6668
1337
9114
6499
6794
3918
4356
4561
7473
6748
2445
1782
8942
6745
4875
7100
5738
8474
6536
2102
6156
363
2830
7897
9919
3475
6342
6913
8707
9571
3701
786
6315
190
6562
4440
75
130
6647
1622
8522
6269
4261
8275
2280
4146
8507
5325
4598
9533
1567
6539
8672
3674
7831
7976
9749
3176
5124
621
8281
3242
1557
6373
2909
8563
7521
9713
6547
8962
584
9167
2893
8776
7308
139
6970
223
798
316
1883
7171
9722
1270
2320
4207
5825
1321
2863
2785
6289
1521
7777
8759
8480
9937
8221
7122
6345
6453
6210
6731
5976
6573
5833
7681
627
6597
2938
5722
91
8377
6199
4781
187
7875
8539
2204
2239
6465
6496
8773
9287
8736
8200
5193
1270
1921
6729
3174
393
6375
3898
6546
3257
51000
226
6713
7653
5307
7841
636
4438
336
5914
8978
8261
9535
7431
6802
5631
9485
5765
6563
3464
1275
7694
7464
3460
5212
6910
7798
5944
6400
1999
3730
7919
7538
445
1670
6455
7282
672
9983
4591
1250
4624
8159
6102
582
5954
1617
4316
6891
8776
9554
6732
6196
8140
2422
9543
3244
6679
2402
6614
2582
6838
4394
9623
9439
7425
2269
6363
4840
8645
6288
5544
6445
9545
6254
8755
1242
5477
54
5766
6724
3981
7416
8536
557
5721
3585
665
6707
3322
7978
8129
7651
9661
8858
6684
497
4504
9751
347
5844
1160
3385
2279
8375
6940
9110
6104
6394
48
9259
2808
9503
8124
6946
2872
5694
8108
2267
9588
1642
3888
6631
7861
3988
2845
2335
7283
6391
61
8813
4922
9140
573
7229
5617
2479
3360
7297
9599
5992
6861
8207
8302
3251
3954
3345
6906
6860
462
6261
8809
4364
7984
2294
9667
6172
6295
853
2990
5276
5213
3411
8143
4202
23
6853
3588
8588
7614
3949
9432
9566
4676
2832
1204
6820
2462
1142
1679
4572
1274
2947
4946
8156
6902
612
6721
6409
4814
9241
8975
5764
4618
6277
6534
9974
6707
758
895
2116
6954
6120
6188
5306
5820
1457
6297
4412
320
4205
8234
7447
8340
9425
126
1845
2364
4652
4731
1673
8253
6407
6328
2778
6217
9283
8777
2681
9494
7657
671
6241
2947
6521
4483
9153
8651
472
6895
6793
5203
6159
1749
2919
7900
3271
5152
7287
6449
9173
5675
684
6453
1110
6175
7280
282
4222
8699
5558
8396
9286
2971
6449
4267
6529
6161
6887
4699
6329
8809
8784
6756
7505
9981
4667
1999
2301
2407
8169
9740
6503
2175
2855
6308
1594
3706
1140
487
7455
9840
4149
536
7600
451
432
6349
8805
4160
2788
3250
6713
265
8618
3120
4453
7381
66
6971
3217
1530
4155
5374
2666
7864
8161
6916
6358
538
6488
7530
9248
6186
9997
977
230
5239
2229
5198
5713
6800
5628
7428
8557
6909
637
9522
6127
2692
6911
7389
6854
6965
6280
3338
4562
6561
2848
2219
4625
7999
6389
7935
6638
8881
4895
7336
3224
1868
125
6346
3115
9598
9653
739
3851
4929
4662
3517
8999
4635
6434
6436
8229
1355
6240
451
7182
5722
3718
6287
3740
8206
4436
9111
7102
6870
9375
1798
49
6725
1607
1706
6785
1283
4390
2722
2728
6823
8682
6690
8140
8416
678
5984
5821
4968
6643
8900
6885
1996
9254
4308
6564
1483
7675
4636
8272
11000
679
4855
1137
11000
9439
1869
1185
6607
4209
2884
357
2956
5415
4294
637
1570
3794
865
9734
143
365
574
5955
6939
468
6441
8122
7921
6904
1110
4426
7327
2394
8942
8447
5126
3370
7566
495
9207
8847
8856
6689
6389
5236
6145
8505
613
6227
3384
7647
648
4550
7527
3794
8512
596
6143
4588
9916
2789
237
5673
6305
7308
7333
9383
6369
3882
9216
6940
1140
9803
6597
8742
7692
6480
59
3636
539
7282
1139
684
673
6171
8940
5432
6957
1406
1536
6672
2223
3187
1283
493
3606
6816
6130
8351
6880
1234
2563
4904
4261
2424
5241
4268
4213
1980
4451
6814
3919
6809
5830
7346
9395
6268
5181
6730
2789
4237
6644
6140
6719
6729
5517
3243
3291
8951
3404
2549
4793
5218
2568
9929
2584
1557
8856
5833
8768
6996
7513
7993
2165
6714
2930
6273
9135
1475
6847
6558
1580
6408
9858
2622
365
3482
4502
1220
3521
2601
665
7105
9243
6280
5395
8101
1191
2980
676
9739
8738
7911
8712
4893
9795
622
7126
1843
2307
3889
1509
6640
3320
475
4330
6749
5949
621
635
4726
3636
1659
9211
5946
3526
2263
482
6572
134
7851
7511
7366
4237
6373
8696
2643
9137
321
9531
675
4847
8117
320
6793
7662
4718
6586
8749
1804
614
2211
6264
559
5353
6968
4814
6109
5366
7689
1868
9554
6678
6437
754
7357
8758
6423
6796
3167
6409
941
4917
7304
686
7290
7943
3501
2647
1603
9951
4458
6493
8445
3311
6153
6768
879
686
6998
8520
156
6450
6868
6234
3237
7475
6174
497
4747
6190
8465
9471
9187
7640
6333
3404
3600
4344
3880
921
4113
9382
6244
683
9563
8780
9239
8974
1169
4626
4228
2471
8780
3995
3347
6627
4788
9598
9328
6859
6140
9190
3633
7319
476
7845
1782
3551
3714
7939
8842
1911
2669
6564
5211
6298
8948
9769
3898
6944
5342
8571
2196
7664
6598
1243
4587
1308
4151
8457
3143
9902
7391
6241
9266
8106
3821
6753
5301
5673
3846
5729
5670
6274
6137
6480
6537
8233
4547
6196
6188
6333
9631
8489
5875
3166
4423
7780
5967
249
7371
6349
262
9388
6835
8247
7846
5118
5120
1307
7896
7310
3758
665
2510
4792
9770
1996
5927
8414
6313
9219
5894
9777
9552
337
3381
4822
791
3432
6260
1918
7896
9134
2698
2651
6401
3646
767
6254
911
698
3786
3362
6550
9267
697
375
6460
6948
2154
6573
8361
2155
1592
782
4461
649
6432
4323
8597
5391
2192
5701
6700
6406
8163
9965
3123
7692
4430
937
1427
6180
7941
2414
1508
2839
5668
6982
3631
7325
6114
962
5367
4964
8845
794
8765
7230
7979
8936
6190
41000
3408
9381
8927
7356
3536
5637
488
3621
2657
9426
282
8793
2521
5937
5910
4839
1227
6739
3191
1635
4427
956
1428
7320
320
4507
7132
1303
7626
7984
1239
1907
7981
9143
7918
6809
4765
7959
4206
3743
75
4744
2929
9167
4205
6914
8509
4426
1945
4602
336
4169
7355
2938
349
5434
5264
8713
8473
611
3887
7645
7917
4827
2591
7186
9193
9251
4539
6432
2634
8554
8781
3894
4598
6524
6972
3967
3596
7296
9399
2658
7820
3103
7173
8597
9566
9394
9974
5175
4196
6785
8114
3315
6362
7719
8574
5399
6935
1850
2603
2752
4679
2594
8504
923
415
3642
6951
8369
666
1463
7673
2270
9669
6297
7945
7441
1250
4223
7720
2701
3981
2248
3443
9894
2840
8120
3975
1855
8697
1325
9142
781
439
6542
2185
7484
7588
5961
4945
4891
3297
4455
4472
4152
2563
1128
8858
5333
3271
9775
8344
4993
7320
7637
5650
8473
6862
8512
8665
6276
7338
3680
7364
6992
7725
3103
1702
1563
9860
846
7130
4653
5736
6815
8283
21000
156
5979
7200
519
583
4348
2421
7838
3159
5251
5760
8932
343
7232
5195
56
2372
8442
2905
9121
453
7140
9347
6323
8140
678
7740
7989
8416
629
7978
7193
1628
5952
3829
3388
9914
6859
7226
2435
4177
7556
4641
6294
7148
3784
9427
9336
7280
9393
4451
3527
6554
2407
242
1928
9177
8359
71000
9621
1503
5752
392
4749
9532
8759
9644
5989
7928
1141
7224
5261
853
4401
4679
9259
7954
6271
7863
7965
6725
4981
4242
6909
7809
7247
5564
5270
7883
2969
2971
3930
4832
7971
341
5260
7220
314
1497
4117
5646
7304
7857
5970
7548
7496
9791
6556
7378
4536
7104
7715
7313
7362
4566
5101
7106
4874
7646
8282
7300
6547
5170
5457
7575
7340
7398
7684
6992
9841
4618
4581
5785
7304
8911
9664
8679
274
723
4989
8322
2384
3726
6879
9403
1593
5606
7751
6408
7124
8831
7370
6918
7191
3775
9194
7717
7547
4436
1461
7790
5210
5659
2621
4653
4536
7346
4518
395
3329
3566
7515
7914
7941
5782
9632
7792
2329
6637
642
7329
241
7669
8456
4647
1979
2921
2610
5837
9258
7983
3720
7445
559
3533
2576
9992
7190
2240
8647
328
7103
7806
9165
1528
7746
7233
273
2428
7473
4422
6345
5546
7548
7658
8564
3319
5863
6298
2222
3247
84
4416
5585
5220
6795
7404
2340
8882
2946
460
4541
1987
7279
6720
2868
1647
7279
5419
8456
1167
8317
710
8692
215
7736
4223
3125
7687
2833
6563
6518
2699
7400
9318
7235
6618
3309
778
3894
440
7507
5767
6400
761
1565
5949
6815
5393
4117
4435
7741
2367
4907
4234
1772
7555
612
1507
2192
7946
5162
7506
9841
7848
2417
8988
7508
2323
9769
4992
6674
4304
6991
1905
8190
4698
2699
3130
728
1821
279
3457
7493
2215
8414
7322
6637
742
214
1266
8268
7756
8190
7832
7721
6889
2530
2560
7198
7632
4618
2962
5876
3260
1555
7987
344
866
7483
5780
7911
1252
8947
2350
3438
4615
7511
1291
2614
6204
4671
2147
8365
2263
4129
753
7766
4608
7587
8571
4417
771
1228
849
7918
7896
8208
9985
9700
862
9767
8950
6741
8648
6982
7709
5116
2959
5654
5847
5790
4574
7359
7756
377
8627
6522
8816
9837
521
2829
5966
1795
3711
4579
8122
4571
1285
4159
7578
3665
63
7114
4955
7215
1751
9920
7965
9746
689
7688
7161
6272
8617
5901
137
2839
7751
7636
8599
547
3985
9462
9350
5495
745
2567
8681
7399
1747
575
5299
156
5670
9410
4669
4231
9141
3347
45
9368
7826
8597
8980
7442
9841
5972
3418
4795
536
1725
5343
8117
8485
7606
8765
8523
7901
722
3552
8780
433
5632
5142
7859
7684
6251
5393
4482
1319
612
8996
3382
6917
8482
3149
6284
8713
4833
6677
738
8390
2326
7964
4887
2918
7729
8645
2503
6881
6531
8902
6478
7827
4987
5535
7560
360
6488
2436
5272
874
2475
8317
8101
8553
1517
1342
8439
6496
6226
8481
9466
2317
8383
8772
3926
7347
7743
9665
1551
7396
7743
3128
6462
5396
6550
3638
1881
3374
7895
7163
1230
7677
5264
4654
5940
5886
2836
6246
3927
4586
1503
1953
799
9339
6936
1932
7612
8158
4738
9859
7777
7387
4620
7203
7433
1672
9862
2781
1949
7917
3761
8527
7316
6186
6388
7262
2887
2818
4421
5457
388
150
6645
5572
7836
4398
5938
6113
4417
3690
7974
2102
2419
6617
6591
6569
7129
8180
1422
2347
9496
7511
9219
7208
8145
4670
1545
3214
2158
2200
7708
8427
8858
5666
3318
7985
5102
6887
1648
2236
5924
8206
7209
3710
2381
9618
942
2279
7369
7678
486
2930
4458
5228
5834
3127
3214
4403
3180
9832
7983
1320
7347
4867
2299
5982
8972
7938
1346
4518
5102
1693
6424
3361
955
368
776
1218
5879
9861
5692
5870
7642
6738
1723
1609
2472
2983
738
5732
7981
7162
8402
7575
6288
2458
4200
3640
7451
7820
1252
7409
6953
2270
3954
8767
6394
2320
7917
7704
7427
5482
7155
8431
7905
7835
8841
730
5625
3792
8502
8872
4379
1159
8375
8924
9567
8675
8424
3405
7258
3931
7648
1324
7861
458
6106
7490
7474
6941
2972
5172
7133
3656
3813
1621
2218
6898
8992
9922
1860
8860
5970
4333
5481
8362
8633
793
7858
3687
1275
8613
8638
860
64
6699
7775
761
7988
7228
7416
8434
1849
6995
4945
7342
61000
8781
6388
8586
7368
9486
9193
57
9891
9991
3104
5304
4457
1685
7513
5626
2495
6632
8426
676
7529
9366
7834
9596
4516
3762
1901
7436
9932
8257
511
3806
7324
1103
3529
5112
3576
6670
4642
7205
7792
4854
2780
8147
8568
1958
5286
6267
7485
8598
6539
7748
7549
4444
274
7386
7989
5823
4833
7268
9177
7381
9392
7645
8639
6309
8656
8356
5338
5946
9883
4265
1373
184
4147
7834
9598
53
8923
8603
7144
7621
8432
842
1834
5138
9506
7840
6618
2619
7194
7151
8119
6624
4698
957
446
65
3872
7368
4231
2956
5518
7329
2365
1456
3676
2728
1574
7109
8296
4201
7649
2704
6419
8903
786
133
4460
6794
7341
4227
3857
2702
4955
1235
7850
5544
1321
6507
6782
655
7509
3149
9126
8340
9846
3917
6357
6466
9981
8577
7442
3153
9798
5870
3854
7218
3841
2152
8807
393
1244
7926
7512
7769
8999
8683
7602
544
5592
1528
4336
727
8603
4985
2441
8383
6589
3445
7146
5254
5416
4576
8704
7532
9747
732
8963
2350
7398
8760
2368
5933
4717
7245
8307
1483
6450
7201
8542
8998
2793
826
2192
9286
8931
4858
3525
5736
8635
9839
8312
9622
8170
3186
7734
4234
7360
6986
2849
8162
3600
6764
9673
7606
844
9296
9114
5766
2672
8491
845
78
9278
9486
180
1825
4849
4774
345
4547
8507
627
4627
2676
7943
5921
757
163
3425
8695
8657
7238
877
6932
810
4166
8496
7179
1990
8389
6401
832
5318
5782
8611
8680
7570
6965
9702
8112
8994
7104
1224
8934
8883
6561
6541
872
5441
4238
5227
3275
2729
5624
3165
81000
7561
6507
8662
4779
8481
6197
9494
5328
4232
7894
4186
1843
7701
247
7897
693
9106
2713
2274
4105
1129
6114
8304
6701
2561
8539
7843
7829
8719
4509
2352
2690
6397
8296
4352
7406
9471
8219
5240
4330
45
6253
8452
6762
5962
3460
3800
7132
81000
746
243
4203
7762
5322
1301
3328
3201
1679
8113
8426
6623
9636
4912
329
637
2226
9723
7303
5887
9533
6448
8666
8643
8766
8760
8206
2538
491
3885
3962
1272
5449
1232
2817
3854
3466
1688
8626
8703
6108
3260
6485
496
4416
4629
4864
5827
822
9538
2686
9688
7795
159
4418
5737
885
312
3203
6413
8860
8320
884
3191
8121
4346
7517
8816
3112
8276
8314
8992
8790
391
7262
5377
3952
3295
1763
8992
6955
3695
955
7299
3153
6568
8808
5417
6235
861
9783
730
8158
432
5746
6229
4167
5818
4396
9438
6353
8385
1490
639
7399
5732
4883
6981
8274
8161
7463
377
9285
3392
4599
8200
8901
3623
4220
8747
7726
822
7700
1883
2299
6945
9862
4674
6245
6727
2815
5903
1115
8147
6213
6274
8841
4111
211
892
8183
6106
5326
818
5621
8967
2427
5194
8509
5572
5626
1137
5234
8543
5293
487
4382
7773
9583
611
7261
8795
1889
5146
8426
8587
3675
6721
4510
527
3362
8307
4628
6337
1547
1629
4691
4279
7160
5904
1587
4587
2867
5295
6865
6838
9912
7145
3325
9175
8537
2714
8397
9677
854
6902
8240
6401
4864
2806
9883
1629
8751
6360
8120
9926
4591
1504
6432
2711
3435
595
1122
6265
5815
3973
7401
9280
4805
7655
3285
8708
1134
3534
8862
3572
8144
2888
3790
8868
3355
963
5913
8498
5803
8826
7514
8622
9630
672
8813
8117
9783
6477
9139
9812
3760
9390
5843
1555
3163
5304
8714
9212
9386
9180
5537
373
5338
853
6945
425
9686
3141
7509
627
8302
7464
8702
5637
3183
8566
9967
1665
1100
2290
9338
8960
8564
8133
8738
6639
7611
7544
627
9498
8268
7360
9606
8336
38
516
4239
5700
392
7805
8421
2819
7924
1399
6230
3995
6328
5244
6982
75
2494
7910
4864
8473
8657
8569
3544
8497
812
6777
4877
4184
8434
3339
5516
7964
8926
8427
2663
926
9941
3915
1742
6749
8998
1124
5485
1101
8542
5350
8869
3855
3987
273
7907
3266
8617
8546
8208
4941
5275
1417
8323
2633
8107
8846
7168
9521
2544
2351
1513
241
8473
8430
7991
9768
6543
9815
6175
8785
9664
2873
9908
8707
8800
8258
3282
8483
6962
914
1170
2782
6970
3734
9877
7707
1996
478
265
4397
9412
453
4879
4935
4751
8671
2504
7218
8555
2361
7450
9261
5616
6869
3933
9642
8994
6410
4533
8908
76
4987
3122
5200
5630
2256
5533
4482
6446
975
7170
5831
1459
9592
3571
2854
1974
5768
9618
8774
3903
5943
473
3461
4212
8997
8958
2724
8829
2425
4892
2884
4458
3154
8965
8580
8708
5659
9850
8414
8217
6622
9964
9782
3689
8560
5711
9499
8432
6315
8372
8237
5884
7425
5217
724
4680
8876
4329
4490
6955
4190
3589
7890
4920
7822
8568
9451
8534
8118
4459
8190
9145
2702
7622
7895
847
7507
1384
1934
9166
7760
497
8353
3178
9944
298
3428
8348
1249
4194
2295
5145
2774
1797
713
8486
7437
4250
8710
4188
3139
4428
7425
8580
3436
4250
2838
165
7792
3664
2534
887
6715
12
2580
6961
6176
7990
273
7724
781
9914
8954
8452
8328
5774
6398
8257
8314
586
1550
4763
3592
8484
2119
6179
4435
1214
7355
4552
8188
5144
8503
2840
8379
7668
2621
2552
8862
4176
8389
4925
4891
840
694
1616
1598
8489
7432
2659
2650
9850
8217
8330
8416
9840
3892
8217
6274
228
5163
6490
1617
7238
8598
6195
320
6596
8567
5238
5527
7230
8191
9930
196
630
5743
8613
6734
2562
8723
8678
9245
8293
8467
8696
4132
8784
9921
8306
5194
8989
1639
865
346
8948
8960
9463
9948
5957
3951
5348
1440
9583
4655
8552
6982
7390
8884
1171
5693
8631
9774
8907
8679
6299
8756
2119
1285
8760
3773
8453
4944
1799
8591
734
480
3617
552
2132
6489
8109
5373
5535
5329
8448
2958
31
6318
2342
8129
4267
5747
8286
1365
5225
7770
5631
8963
5129
8520
5579
9721
2995
4959
5571
6106
8514
4254
6705
8267
4845
2137
4240
1851
3801
9738
2758
9408
8222
8261
9598
5321
6723
1639
8322
3986
2447
498
2798
659
2350
5730
1470
2222
2143
8650
9996
3801
6876
3172
8924
4767
7199
7512
8763
3170
8322
9717
7738
238
8350
7923
8744
8854
7551
1816
5837
1749
183
1906
4134
9957
8932
5406
947
8222
3882
4470
5793
9230
3525
5236
324
3555
4482
8340
8869
9518
7161
8838
3942
2957
2991
8346
626
3516
6766
9990
1912
2623
9953
818
8454
3241
7611
5712
1742
6633
9392
1350
130
8885
8568
156
8689
8985
8115
9609
9728
7533
3213
8719
3487
2724
6298
8774
6365
1278
5935
2230
5609
1810
8619
4589
2345
8670
8673
4369
5416
5556
9945
1368
9431
2536
8423
4702
4625
6998
7112
8687
2775
7163
2989
5838
8461
7828
8195
4874
934
8481
216
5569
9358
7228
3330
3571
9358
9271
7240
8531
6256
9645
5467
6802
6552
8942
8173
7815
3891
8535
2647
8359
6439
8626
1376
5224
7816
2447
4756
6198
2273
6192
6597
7367
8835
3768
8953
4281
2960
9431
9404
4567
4692
4882
9120
9492
3192
8101
1799
8623
4601
1342
9608
2959
770
886
7193
6678
6565
2855
1256
1596
8249
4134
3573
8621
5277
3453
4373
6954
1406
6709
8169
8244
8840
8615
5264
6208
7727
8540
6208
6371
7723
3851
6332
972
5558
8761
9216
648
1876
856
9360
9375
3783
2869
5585
8942
8161
5720
8712
6794
4923
8825
5256
4493
5182
2544
8578
7258
4111
3198
85
5961
5747
4372
475
399
390
7585
7513
8421
4203
9488
4714
4976
4555
7443
923
4662
2375
4207
8908
2544
5424
8530
4516
9143
8538
1778
9686
678
5933
8357
8905
2449
3110
6765
8795
3789
3166
5722
4622
2576
7230
7492
8186
5904
9351
9746
5335
8935
7439
9313
6567
8917
4332
8645
7508
5656
1766
3442
461
5652
8482
2993
7245
4274
9860
8372
1983
8404
8693
1318
4180
8159
8681
4725
5767
3519
3471
5931
8871
2884
7168
9368
9305
9962
4236
617
9387
3496
7414
2893
5298
1816
462
3668
6414
8562
3609
9397
1817
56
6369
3556
8412
9338
3308
3504
6374
3337
1467
1281
9498
7790
8435
2173
7336
940
892
43
7912
9421
9373
1669
4774
9256
2619
6449
7417
7779
4629
3368
1208
8960
6347
5473
2597
3449
2532
2495
9503
924
5658
791
9612
4726
9536
9360
9117
9588
9792
4689
9600
7590
2329
3845
8909
1151
3137
9211
2743
4191
844
91
2632
4430
8831
319
7844
7547
3614
9667
5554
3159
8348
9366
3940
4714
6510
9935
2512
9188
8859
9419
3737
2523
9374
4949
920
9983
8393
2679
1473
7318
8899
4336
727
9334
9642
721
8792
4328
7804
6298
3153
115
1945
1613
518
4317
4295
7641
9715
264
9720
2105
7318
8284
8312
554
9957
9661
914
6931
6539
9386
9202
638
7891
5464
6827
9935
7539
5156
9136
9643
3759
9177
9587
4874
1752
9742
7127
8911
6841
964
9366
1674
9199
3779
9713
9652
3867
2237
9398
9744
6274
7932
7976
8547
9408
8813
9868
2383
9556
1613
7929
8456
5872
3977
8190
3968
3842
6539
8275
4981
6559
2721
786
9688
5989
5344
750
747
3721
61000
6685
4825
5921
6512
4634
7305
5540
9502
8262
1681
8815
9623
6618
6936
8375
1637
960
5231
7990
6313
6877
9306
925
9938
3467
3168
7291
9815
9929
3106
7658
1762
396
5993
5183
981
7961
769
6208
9610
9958
6319
4370
2682
627
7945
3219
6112
5294
9275
3776
257
520
9968
9735
8107
3156
8639
118
4200
6164
7222
7958
5193
1196
8873
9875
5464
517
1582
9204
7431
7547
8763
1505
9461
9901
8467
9357
8771
790
9608
421
1193
9872
3923
9776
6285
4653
1479
8358
9244
8189
7413
984
6768
5852
158
7190
4697
9626
61
750
1499
9127
9422
7936
9159
9610
6690
3446
9366
1535
919
9860
9887
8395
6396
497
2818
9144
6181
9225
5726
6146
199
9654
8305
7684
1445
8213
7299
6610
5921
6240
9438
3676
2239
6937
7623
5693
9928
13
9226
9992
5167
9700
6777
1967
742
4809
5112
9559
9276
450
6325
6968
5645
3361
1319
7617
6790
5274
9397
9929
936
9141
4381
567
3884
9427
9384
3373
6299
6523
2181
2153
2782
2397
9533
5485
8194
7487
3725
5377
7392
3542
7776
1966
6109
7955
3816
2491
3466
9629
9344
112
2741
4291
953
6522
9411
3604
1343
6691
8308
8252
5194
9445
63
4520
9570
5374
3208
4802
2330
4997
9636
3803
5343
2544
1335
9968
673
5581
1646
3440
9481
8732
4627
1626
8887
7836
9469
9630
9405
4729
7187
7536
9738
4179
1945
8657
6424
5820
9217
8307
2621
434
8189
1673
625
9985
5164
6161
9944
7195
5791
9776
9205
4138
3252
3885
3474
9569
4951
2305
6668
6217
7860
9383
9523
3683
9224
8145
8135
93
9130
5915
8111
1749
5402
9551
777
9420
7128
6447
950
9774
9785
7592
1660
8832
395
51
8888
9577
9116
9161
5159
3767
7278
233
4747
9465
6840
3919
9212
1116
9638
3807
8663
9694
5651
6172
4714
9987
8464
9220
5436
980
451
677
9732
5165
9626
6177
9489
3488
5657
1670
9882
1753
9197
6555
5654
9260
952
194
513
1972
3258
732
346
924
9961
9975
3857
277
2709
7180
8862
6343
5757
9480
7566
7626
3183
9616
864
4118
7705
9276
9799
9945
3208
4424
1134
8940
2937
5517
3390
3844
879
9372
5908
3362
3327
4685
9333
7870
5862
176
7332
3887
9228
2879
9556
1360
4248
539
1100
9516
6345
971
7509
3252
6342
3144
5248
7634
786
7570
3702
7302
9114
473
9897
8814
5414
4616
6176
2705
9211
1809
9162
7223
9799
1160
9536
7654
9752
7599
1227
65
9403
5187
2226
9700
1898
4915
6665
4797
7830
4131
7614
4546
7252
6866
7856
2319
5363
9157
4313
9138
3899
9668
4668
3819
5845
6893
9854
5545
9604
9308
3271
7555
4574
1225
9465
7892
5796
1771
9337
2917
4300
5476
721
2715
9159
9486
5928
5375
8887
5101
7519
5400
9511
1720
9845
7244
356
7784
9534
1109
4113
2482
9536
5822
2731
6254
7238
327
9432
5978
167
5195
5193
7487
4670
5404
6765
3852
543
428
4715
6964
1203
1497
474
6670
2295
2947
1587
9271
6663
9906
9585
7233
1734
435
3553
4563
9931
6106
1212
6862
9506
7294
6808
5385
9568
5310
978
948
5994
2865
5601
2646
2392
246
1400
9255
5449
8124
9584
9709
1211
1863
498
6522
5442
975
8977
1860
6420
3580
9653
9306
9332
176
5409
3590
7323
2403
1212
8264
6252
4311
2997
264
8723
912
8943
1500
7331
9457
9496
3624
3841
3104
9831
2416
9684
940
3350
6772
1186
912
3351
8731
1514
9961
7559
7750
9277
8157
693
1287
7315
9220
8985
2846
850
616
6194
5138
9582
7254
6798
3415
8983
6659
3620
2828
9317
6662
996
8932
9408
4897
5253
1298
226
3818
1986
7644
5784
1360
3941
7541
3643
4304
9748
2567
4511
9625
150
1297
7504
5157
3797
4144
4311
3569
991
2267
8511
8883
6432
9896
1621
9983
9444
9889
4345
8248
6740
4744
5783
2972
1265
9372
3824
7852
235
9770
4826
3982
9861
9320
8966
2681
9662
9701
9546
9674
9695
4185
7539
5518
8488
5795
6954
4353
320
7755
5596
9476
4616
5856
9753
5350
9150
8652
4980
5942
817
948
9740
2546
513
9283
9827
7547
6199
2383
4929
8727
4623
5612
9939
9525
9951
8347
8285
6551
8475
6781
9613
1663
5900
1466
9787
1629
379
9591
9549
6780
9375
9385
6538
9195
334
1634
5284
9302
1900
6242
2825
4400
3197
4609
199
9461
9941
1388
8833
6515
5993
6655
4635
9814
7240
7365
9190
7330
5691
6861
5207
2405
6273
4121
1637
9257
8126
8502
7127
7303
5703
7655
9489
9373
9703
2961
1549
19
4239
7898
5335
2922
5661
4257
5240
5402
6727
9976
6125
3145
1271
68
650
5116
9972
9102
5475
5806
4864
6681
3653
7454
9231
6447
8866
8836
7240
4714
5281
243
2253
2430
2710
1440
9415
657
9588
2926
987
9877
3609
8286
2357
1350
22
2746
364
5217
3477
8671
4232
4681
7668
9788
4445
2205
4476
927
6182
8336
9137
952
9742
9720
7123
4191
1155
9979
9262
6548
9986
5949
2538
6490
5351
5646
9367
5349
7245
7216
9838
1336
3720
9379
3601
5322
4568
610
9823
8211
8724
9827
4145
2589
7167
3810
7701
1733
2525
4485
7569
4157
865
2276
9228
4632
6590
7955
5885
6313
2307
1549
2672
6671
9812
7482
7715
8682
4737
8547
7399
8222
9644
2289
8639
7640
939
9880
9510
9591
6416
8290
6725
9994
766
11000
8153
7186
3529
815
8313